1600 6
4 19 7 21 8 11 
1 5 4
7 10 2
1 5 5
5 7 2
11 15 4
10 12 4
16 19 2
19 22 4
3 6 6
15 19 1
7 10 3
3 7 6
9 11 5
16 19 3
8 12 6
21 0 5
13 18 3
10 12 1
8 12 2
6 9 5
22 3 2
17 22 2
19 22 6
0 5 1
15 18 5
0 4 3
18 20 5
20 0 5
22 2 2
17 20 6
9 11 3
10 12 1
0 3 4
14 15 3
12 13 6
21 0 3
21 2 1
5 7 2
5 8 4
10 13 3
10 14 4
2 5 1
17 19 4
5 6 4
10 12 4
13 16 3
11 14 5
10 12 1
0 4 5
17 20 1
14 18 4
18 20 3
20 1 3
4 8 4
20 0 6
9 12 6
23 2 4
7 9 3
6 9 1
3 5 6
13 16 6
12 15 6
18 20 5
16 19 2
8 11 6
14 16 3
9 10 6
11 13 2
2 3 2
17 22 1
5 6 1
6 8 2
21 2 6
16 20 3
11 15 4
7 11 4
10 12 2
12 16 5
15 17 1
11 14 4
17 19 6
21 23 3
23 3 3
6 11 3
3 5 5
2 6 5
16 20 6
17 19 6
20 22 5
1 4 2
14 18 2
6 8 5
13 16 5
10 13 5
22 1 2
20 23 5
18 20 3
11 16 2
22 22 6
17 21 5
0 3 2
16 19 6
0 4 3
7 10 1
12 16 2
9 12 3
5 9 4
6 9 5
11 14 5
4 8 3
17 20 4
16 19 4
12 15 4
0 2 3
22 2 6
8 11 4
0 4 5
5 7 1
18 23 2
2 5 4
6 12 5
17 20 6
23 2 1
4 7 6
18 20 4
20 23 3
8 12 2
12 16 4
2 3 6
8 11 3
18 21 2
22 0 3
22 2 4
3 8 1
4 8 1
10 14 4
13 14 3
8 12 6
20 0 1
4 9 3
8 12 4
13 17 1
7 10 5
4 8 5
21 0 3
15 19 6
0 4 5
0 3 4
14 18 6
7 10 6
1 3 3
12 15 4
20 1 5
23 2 4
12 14 1
5 7 5
4 8 6
8 9 4
15 17 3
5 8 2
8 11 4
20 22 5
16 18 1
5 9 5
11 13 3
23 2 6
1 4 3
5 8 1
4 8 2
4 7 1
1 5 6
12 15 6
21 1 6
0 3 3
10 14 2
3 7 6
19 23 1
5 10 1
1 5 2
0 4 5
12 16 4
6 8 3
0 3 6
18 20 3
16 19 2
11 12 5
5 8 2
16 19 6
23 2 6
11 15 4
12 15 2
0 4 5
22 0 6
22 1 2
0 2 5
13 18 5
15 18 4
23 3 3
0 3 3
21 0 5
16 19 6
22 3 6
9 12 4
16 19 3
13 18 6
1 4 4
14 16 1
2 6 4
18 21 5
13 17 2
13 17 4
11 13 3
18 22 4
13 15 1
20 0 6
2 6 5
22 0 3
6 8 2
6 8 1
1 5 3
10 14 5
13 17 1
19 20 2
21 0 4
12 16 1
17 20 4
10 14 4
12 17 5
15 17 5
14 16 6
7 12 1
12 13 5
4 6 1
19 21 6
16 20 5
19 22 5
0 5 1
23 1 2
5 9 5
10 14 5
19 22 5
7 8 1
1 4 5
5 9 4
5 9 6
9 11 1
22 0 3
13 17 3
13 17 5
18 21 5
18 21 2
20 23 1
9 12 3
13 17 2
6 9 3
8 11 6
2 6 1
19 22 2
4 6 6
11 15 5
14 16 6
6 8 3
6 9 4
9 13 6
19 21 6
15 15 4
17 20 6
14 18 5
22 0 5
19 21 4
1 3 5
11 12 2
20 23 3
9 10 5
2 5 2
17 20 3
18 23 3
0 3 2
6 8 3
12 14 1
18 22 1
14 18 3
7 10 6
0 3 2
21 1 3
14 15 3
18 20 3
16 19 4
6 9 4
19 21 2
17 19 6
0 3 3
5 9 1
3 6 1
4 7 1
21 1 3
15 19 1
17 19 4
18 21 6
23 1 6
11 12 6
14 17 3
11 15 2
18 19 2
19 22 5
1 4 5
9 14 4
20 0 6
19 20 5
15 18 2
16 19 1
8 10 3
15 20 2
10 13 1
20 0 6
9 12 5
20 23 3
7 9 2
7 8 5
11 14 1
18 20 3
8 11 2
13 16 3
4 7 5
22 0 4
13 16 5
11 13 5
8 11 1
0 3 2
5 8 3
22 1 1
21 0 4
4 7 2
10 13 2
16 19 3
7 8 4
7 10 6
5 9 3
19 22 6
1 5 2
10 13 3
11 13 1
14 17 2
8 12 2
17 20 1
15 18 2
20 21 6
13 15 6
18 22 1
13 17 6
16 19 3
0 2 3
19 20 1
20 23 5
3 8 4
5 9 5
7 10 4
20 23 2
10 14 4
7 11 2
12 15 1
22 1 3
16 20 1
4 7 4
22 1 2
13 17 1
8 11 3
0 2 1
19 22 1
6 6 6
7 11 4
13 17 3
2 6 1
16 20 2
4 8 1
10 12 5
13 15 3
4 6 1
13 16 5
19 19 5
17 21 5
23 1 5
3 7 3
4 6 2
7 9 5
19 23 5
6 9 6
21 23 5
6 9 2
5 10 6
16 18 2
22 1 6
0 2 4
23 3 2
22 23 2
13 15 2
6 8 3
9 12 2
22 1 5
9 11 6
1 3 2
2 5 6
6 9 5
9 11 6
17 20 2
12 15 4
22 0 6
13 15 2
19 22 5
19 22 6
23 2 1
13 16 2
9 13 2
13 17 3
7 11 3
3 7 5
17 18 3
3 6 1
17 18 4
5 9 5
3 5 6
20 22 3
9 12 5
4 7 6
10 14 1
21 0 3
7 12 6
15 18 5
23 3 3
20 22 2
10 13 2
1 3 1
2 6 4
7 10 2
6 10 3
9 12 3
23 2 2
15 19 4
13 16 4
5 8 6
22 1 6
16 19 1
15 18 5
15 18 2
7 9 3
23 2 3
12 15 3
8 10 1
2 4 6
11 14 6
14 18 2
3 4 2
18 21 4
6 8 3
11 15 1
19 22 3
15 19 3
4 7 3
14 18 5
15 19 1
3 5 4
2 5 2
12 13 4
9 12 1
8 12 4
3 7 1
14 18 1
9 14 1
16 20 4
11 14 1
10 14 2
2 6 2
7 11 6
23 2 2
2 7 6
8 12 5
8 12 5
17 19 2
7 9 4
5 9 5
6 9 6
11 14 3
19 22 1
3 7 3
3 7 4
5 7 4
0 3 1
13 16 2
13 15 6
15 18 3
1 5 2
2 6 4
5 7 6
16 19 5
5 8 5
12 15 3
12 14 5
21 1 2
11 15 1
17 19 3
1 4 3
1 4 2
17 22 6
20 22 3
22 1 5
12 15 4
1 4 5
20 23 6
16 20 2
10 12 1
10 11 3
19 22 1
8 10 3
1 5 1
9 13 6
23 0 1
23 2 5
5 8 5
0 2 6
6 9 5
2 3 2
14 17 6
3 6 3
7 9 4
22 1 2
14 18 3
12 16 5
19 22 3
13 16 6
4 5 5
16 18 5
7 9 6
14 17 1
7 9 5
7 10 5
22 0 3
20 23 5
7 11 5
16 21 6
14 17 6
4 9 3
11 15 6
10 14 1
19 21 4
8 13 4
3 7 3
9 14 4
21 0 6
1 2 5
6 8 6
0 3 1
15 17 5
9 12 5
11 15 4
1 4 1
15 17 5
6 11 1
7 11 1
14 17 3
15 17 1
7 8 4
15 19 3
1 4 4
12 15 4
11 14 5
22 1 2
11 14 5
6 9 6
20 22 5
17 22 5
1 3 5
3 6 1
13 15 3
9 12 4
21 22 5
19 21 2
10 12 1
4 7 4
20 22 4
8 11 1
15 19 4
14 18 3
1 3 6
17 20 4
3 5 3
0 2 3
19 1 4
19 23 3
2 4 1
21 0 2
13 17 6
15 20 1
12 16 6
17 21 1
13 15 4
11 13 2
6 10 3
16 19 2
8 8 5
16 20 4
18 21 3
15 16 3
13 16 1
21 0 5
14 17 2
22 1 1
13 16 2
5 8 1
11 13 4
22 1 4
17 20 4
11 14 3
13 18 4
17 20 1
5 7 5
5 8 5
0 4 1
13 17 5
0 5 3
3 7 1
3 7 3
23 2 2
5 8 3
22 1 4
5 9 6
21 0 6
19 23 5
14 18 1
18 21 5
15 18 4
14 18 5
18 21 4
19 1 2
10 13 5
23 3 4
9 11 5
8 8 3
16 21 6
5 6 4
9 14 4
11 13 6
16 18 1
3 6 3
3 6 5
21 23 1
17 19 3
15 19 2
23 3 5
12 14 3
23 2 5
16 19 5
18 21 1
11 13 3
21 2 3
8 11 5
16 21 2
17 19 1
5 7 4
13 16 3
15 18 4
2 4 5
3 7 6
1 6 4
10 14 6
9 12 6
3 6 1
17 21 1
23 2 1
16 19 1
15 19 2
8 11 2
23 2 2
20 23 1
6 8 5
3 5 5
5 8 3
22 1 4
0 1 4
16 18 3
17 21 6
0 3 6
7 8 4
11 14 2
0 3 5
12 16 4
15 17 2
20 22 6
8 11 1
0 3 4
1 3 4
2 7 5
16 19 5
23 2 1
12 17 6
21 23 3
13 17 5
20 21 1
10 13 3
11 13 1
2 4 6
11 13 2
1 5 6
7 10 1
19 21 1
6 8 3
17 20 3
11 14 4
4 7 1
2 4 5
19 21 1
19 22 2
9 13 2
1 5 4
12 17 6
11 14 4
17 19 4
3 7 1
15 19 6
7 8 5
13 17 2
14 16 4
13 16 6
21 0 2
4 7 1
12 17 4
20 23 4
9 12 1
21 1 4
22 0 2
23 2 5
14 18 5
2 5 3
22 1 4
20 23 2
8 10 2
19 23 6
21 1 2
18 21 2
13 16 6
15 18 2
16 19 6
7 10 6
23 1 6
18 21 2
22 2 6
2 4 4
22 0 3
14 18 5
20 0 4
11 13 5
5 7 4
3 6 2
14 18 1
4 7 4
3 5 1
20 23 3
19 23 3
20 22 5
1 4 1
23 3 3
11 13 4
7 9 2
9 10 2
22 3 1
7 11 1
2 4 6
11 14 5
17 21 6
6 8 2
23 3 1
11 14 2
15 19 3
20 22 5
23 3 4
4 6 3
11 15 2
0 1 5
3 7 2
13 17 3
17 19 1
22 1 3
13 17 2
9 11 3
0 2 2
4 7 4
2 6 5
15 19 3
23 1 5
15 21 5
10 12 3
15 18 1
14 16 3
8 11 2
9 12 3
0 4 3
12 15 1
5 8 3
18 21 1
11 13 6
7 9 2
0 2 1
2 5 5
2 6 3
11 15 2
7 10 2
5 9 5
1 3 4
1 5 4
5 9 1
2 5 4
4 7 5
15 18 1
2 4 2
0 0 2
21 2 5
22 1 1
0 3 2
12 15 4
13 15 5
14 17 4
15 19 1
10 11 4
21 1 3
9 12 5
11 14 2
8 10 1
1 4 6
15 19 1
2 5 3
8 12 3
6 10 5
5 8 6
9 13 4
14 16 1
13 15 5
15 19 2
19 22 5
5 9 2
5 7 6
16 19 1
2 6 5
21 2 5
2 7 2
16 19 4
0 4 1
3 4 4
16 18 6
18 22 3
16 19 2
1 3 6
10 12 1
23 1 5
10 14 4
19 22 1
10 13 6
8 8 3
14 18 1
13 14 4
3 5 2
5 7 3
7 11 3
16 18 3
11 14 4
17 21 3
1 2 6
16 19 6
18 23 3
13 16 6
8 11 3
16 18 6
14 15 3
16 19 3
22 2 1
6 8 4
23 1 2
5 8 4
18 21 6
4 8 3
20 21 6
9 13 2
21 0 6
12 16 1
8 11 3
22 1 3
3 7 5
13 17 2
19 22 2
5 7 4
8 11 5
12 15 6
5 7 5
23 2 2
9 12 5
18 20 1
0 4 1
13 17 2
3 7 1
17 21 6
11 14 3
14 17 1
17 20 5
19 21 2
22 1 2
15 17 4
16 21 6
21 1 2
5 7 3
13 17 3
18 20 6
17 20 6
22 1 1
3 5 6
23 3 2
9 11 5
13 16 4
20 23 1
15 18 6
5 8 5
9 12 6
4 8 6
18 22 1
4 6 3
12 16 6
11 13 1
8 11 1
1 3 2
0 4 3
17 19 6
17 20 4
9 13 1
16 18 4
17 20 2
4 7 2
6 9 1
22 2 1
15 17 5
22 0 2
9 14 6
3 6 4
14 14 6
17 20 5
22 0 6
23 1 6
13 14 5
14 18 6
15 19 5
15 17 6
7 11 1
7 9 5
11 13 6
16 18 2
18 22 3
17 20 2
2 2 3
12 16 6
7 9 5
2 6 3
11 14 5
0 3 2
12 15 2
20 23 2
4 7 5
13 16 5
10 14 1
3 6 2
14 17 3
1 6 6
11 13 1
9 10 5
19 22 5
20 21 2
5 9 3
6 11 6
3 5 2
17 19 2
11 15 2
11 14 4
17 21 3
21 1 1
11 15 6
17 19 1
6 10 2
7 9 6
18 19 4
4 7 1
22 0 4
4 8 3
5 7 1
21 1 6
4 6 1
22 0 3
23 2 5
8 11 4
6 9 5
20 22 6
18 20 2
21 0 2
16 19 6
22 1 2
11 13 5
9 12 4
8 8 3
7 9 6
9 12 4
18 20 4
9 12 1
17 20 2
4 7 1
19 21 4
3 6 2
23 2 4
7 10 2
8 10 3
12 16 6
17 21 4
22 0 1
1 5 2
5 7 5
23 1 2
13 14 6
13 15 1
1 2 2
20 21 1
7 9 1
19 22 3
10 13 1
0 4 2
21 0 6
10 13 4
21 23 1
15 17 5
13 17 1
14 16 2
11 14 6
5 8 5
3 5 1
6 10 4
22 1 6
19 21 5
5 9 4
22 1 1
8 11 6
4 10 6
9 11 5
1 3 5
3 5 3
8 13 6
9 13 5
4 8 3
14 18 4
19 21 4
1 4 4
3 6 1
17 20 6
22 0 1
19 22 5
17 19 3
19 22 2
21 23 3
12 15 4
17 19 6
15 18 3
15 19 2
11 14 5
15 17 1
15 19 6
9 11 1
10 13 2
14 19 5
7 11 6
9 11 4
23 2 2
3 5 1
13 15 6
4 8 2
7 9 2
22 1 3
1 4 2
19 22 4
15 19 3
20 23 1
20 22 4
6 8 1
14 17 5
8 11 3
20 23 3
7 12 5
6 9 4
0 4 1
21 2 5
4 7 1
13 14 3
7 10 2
14 17 3
2 5 3
12 15 2
11 14 3
16 19 4
2 5 6
15 17 2
2 6 3
12 14 4
13 16 3
20 22 2
11 15 5
4 7 1
20 23 6
8 11 3
1 4 3
2 5 1
4 8 3
21 1 1
3 6 2
10 14 6
5 9 6
11 15 1
2 4 1
16 20 5
10 13 2
20 20 4
7 10 1
16 19 1
21 0 1
13 17 1
20 23 5
3 6 5
13 16 2
10 12 1
11 14 4
19 20 2
22 1 5
6 9 3
1 4 1
21 0 1
3 7 6
3 8 6
23 2 5
11 15 4
0 3 6
3 7 1
6 10 5
11 14 3
15 19 2
3 7 1
18 20 3
11 14 1
16 18 2
6 11 5
19 22 3
7 10 6
19 22 6
12 16 4
5 8 6
17 23 2
13 16 2
8 10 2
15 18 3
22 1 4
1 4 1
22 2 5
20 22 5
14 17 4
8 10 6
5 8 6
10 12 6
21 0 2
6 8 2
0 2 6
8 13 4
13 16 6
20 0 6
1 5 3
17 19 2
1 6 3
17 21 3
11 15 2
23 3 6
8 12 2
7 11 2
18 21 2
5 7 1
16 17 5
3 5 4
14 16 6
14 16 1
11 15 6
16 19 2
6 8 4
7 10 5
3 6 4
21 23 6
16 19 4
4 9 1
19 23 5
20 0 3
14 15 6
15 17 5
2 5 1
22 0 6
1 4 4
7 10 4
20 0 5
14 17 4
7 10 1
17 20 4
15 18 4
21 23 2
0 3 2
13 17 6
18 20 4
15 19 1
7 11 1
2 6 4
21 0 3
3 5 5
8 12 2
11 14 2
14 16 2
8 13 2
22 2 6
20 23 3
1 3 1
19 20 3
9 13 2
4 10 5
9 13 2
16 21 1
14 18 1
9 11 1
21 1 2
16 19 3
10 13 3
12 14 5
1 4 4
15 18 5
18 19 2
1 4 3
17 21 4
5 9 2
22 2 2
19 23 6
10 13 3
17 20 6
9 12 5
1 3 6
2 3 5
7 10 2
2 4 4
5 8 1
7 10 5
1 4 5
17 19 6
0 3 5
1 3 6
7 10 3
8 11 1
8 10 6
16 18 5
23 3 2
13 16 5
11 15 1
9 11 1
4 7 4
10 12 2
22 0 4
17 21 5
18 23 4
10 13 3
10 14 3
11 16 1
19 22 3
6 10 5
19 21 6
8 12 1
22 2 2
15 19 2
9 11 3
7 11 6
0 5 6
23 22 4
23 2 4
23 1 1
7 9 5
1 4 4
17 19 4
3 6 2
13 15 1
6 9 2
7 10 5
3 5 3
6 9 6
3 6 4
20 22 3
5 9 6
17 19 6
3 5 6
4 5 2
10 12 5
15 18 2
23 3 5
1 4 4
7 12 6
11 18 3
12 14 1
6 8 4
19 22 4
21 0 2
2 4 5
20 1 2
7 11 5
15 18 5
19 23 1
19 23 2
13 16 6
18 20 6
2 6 5
7 10 4
13 16 4
8 11 4
17 22 6
2 6 6
0 2 5
4 6 5
2 4 5
3 7 3
22 2 5
16 20 6
21 0 5
13 15 4
16 19 5
18 20 5
17 21 6
9 12 6
3 5 4
20 23 1
13 15 3
0 3 5
18 20 1
22 1 3
15 19 5
21 1 1
19 23 1
18 21 2
12 14 6
2 5 3
7 10 1
13 16 4
7 9 6
23 1 1
8 13 5
17 19 3
2 3 6
6 7 5
9 12 4
22 2 6
6 7 1
22 2 5
5 9 5
20 22 5
1 4 5
15 18 3
22 0 5
17 20 1
17 22 5
1 6 6
14 16 5
5 7 1
0 4 4
10 12 2
12 13 4
1 3 4
0 3 6
0 3 6
2 5 2
22 1 5
12 14 3
3 6 3
13 17 2
8 12 1
7 12 5
0 4 6
4 8 5
14 17 3
8 12 2
6 10 3
15 19 5
15 18 3
0 3 4
10 12 2
21 1 2
5 8 1
11 14 2
2 4 6
7 12 5
15 17 3
5 9 1
17 19 2
11 12 3
21 0 5
22 2 6
19 22 5
1 6 2
5 7 2
7 9 5
8 10 6
2 5 4
17 20 6
21 23 2
6 9 6
1 4 6
6 9 6
2 6 5
11 13 2
14 17 1
7 10 6
23 0 1
23 3 4
15 19 4
0 2 6
3 4 4
4 7 2
5 9 3
16 20 2
16 19 2
12 14 4
13 18 2
16 21 3
22 1 5
5 6 3
8 11 3
7 12 3
1 4 3
19 21 2
5 8 1
12 15 3
12 15 2
2 5 6
16 19 2
16 20 5
3 6 4
2 5 5
15 18 4
6 8 3
22 0 1
15 19 6
1 3 2
23 2 6
21 1 4
5 6 2
7 9 1
7 10 3
14 16 6
21 0 5
22 1 6
0 4 6
9 12 3
11 15 2
11 12 2
8 11 1
17 19 5
10 13 2
20 23 5
8 10 6
1 7 2
14 16 2
0 2 3
12 14 6
12 15 5
13 16 5
9 12 1
11 14 3
23 0 4
6 9 3
21 0 6
16 19 4
18 22 2
1 3 5
16 21 6
5 8 2
8 12 5
15 17 6
22 1 4
0 4 3
18 22 2
8 10 6
5 9 6
12 17 5
20 22 1
10 14 5
15 16 6
3 4 6
21 23 1
1 3 3
21 0 5
5 10 2
20 23 5
0 2 2
5 8 6
7 9 2
7 12 6
5 10 6
2 5 1
1 4 5
13 17 4
2 7 5
20 1 3
13 15 5
13 15 3
21 23 1
6 9 4
0 2 6
20 23 6
20 22 1
15 18 5
23 1 4
17 20 4
8 12 2
23 2 4
19 1 1
10 13 5
5 8 4
16 20 3
23 3 3
10 14 6
13 18 1
20 2 1
14 18 4
20 22 3
17 21 2
6 9 3
12 15 3
4 8 3
10 14 2
9 13 5
0 2 3
18 20 2
12 16 2
18 21 1
10 14 2
18 21 2
21 1 3
3 6 6
1 2 3
16 18 3
15 18 5
17 18 6
19 0 4
8 11 3
23 2 1
13 17 1
12 16 2
12 15 1
23 2 5
1 4 3
9 12 1
12 16 5
5 7 2
16 18 6
23 4 3
11 13 5
2 6 6
18 21 2
4 8 4
10 15 6
10 12 5
4 7 2
23 4 5
9 13 5
1 5 4
4 6 1
22 2 3
1 4 1
0 3 6
19 21 5
5 7 6
9 12 6
5 7 5
2 5 1
22 0 1
1 5 5
6 11 2
5 10 3
1 3 6
15 19 6
21 3 3
11 14 2
13 16 4
23 2 5
0 2 5
21 23 6
6 10 3
16 20 3
14 18 6
0 2 5
8 12 3
14 17 5
17 19 6
13 16 2
14 15 3
2 5 1
