1000 6
21 13 8 13 13 1 
16 17 6
10 13 4
16 18 2
19 22 2
19 22 3
2 6 3
13 16 1
5 7 2
23 1 5
17 20 2
6 10 4
1 5 6
0 1 2
12 16 4
20 23 6
2 5 3
3 7 4
3 6 2
18 21 1
22 1 2
6 7 6
1 5 6
6 7 4
21 1 4
4 7 3
16 21 4
1 5 5
6 9 4
23 4 6
8 12 5
10 12 2
16 20 6
17 21 4
2 4 4
20 23 4
12 15 6
22 1 6
19 23 3
21 1 6
0 3 5
20 22 5
1 6 6
8 11 4
12 15 1
13 16 2
21 2 1
14 17 4
13 17 5
7 11 3
10 16 1
16 19 5
12 15 6
1 6 3
23 2 4
0 2 2
0 3 1
9 11 3
14 17 2
20 23 3
19 23 2
9 12 6
5 8 1
20 22 4
11 16 4
19 22 1
2 7 1
12 15 4
21 23 2
23 3 6
13 16 5
19 22 2
0 4 6
19 22 6
13 16 4
5 9 3
3 6 5
4 8 3
14 16 3
15 19 2
4 8 6
12 15 2
8 10 3
11 15 3
1 3 1
15 16 3
16 19 5
12 16 1
23 3 6
13 15 2
14 18 1
14 19 3
12 14 6
22 0 6
17 19 3
20 21 4
10 13 3
12 15 5
21 23 4
7 10 4
20 23 4
10 13 1
11 14 1
9 10 3
21 0 4
3 6 6
1 3 6
14 16 3
11 15 4
17 23 1
7 9 1
17 20 4
22 0 2
21 22 6
8 11 4
7 9 6
3 7 5
4 6 2
20 23 4
13 16 3
10 12 2
11 14 3
19 23 1
23 3 4
3 4 6
2 6 4
5 8 4
3 6 6
21 23 1
22 0 6
19 21 4
1 5 4
8 12 6
16 17 4
7 11 1
2 7 5
1 3 6
1 4 2
9 13 2
17 21 4
14 18 6
19 0 1
18 20 1
4 8 1
21 0 1
4 7 1
18 22 2
11 15 6
15 18 2
6 10 4
0 1 4
1 5 6
12 14 3
5 8 2
17 21 4
9 13 4
4 5 2
16 19 3
0 5 4
23 0 6
13 16 6
13 17 3
16 19 5
10 14 3
18 21 4
2 5 4
23 2 2
1 3 2
4 7 3
18 22 1
23 2 3
9 13 5
20 23 1
23 1 4
11 12 4
9 12 4
18 20 6
23 0 2
5 7 3
12 15 4
18 21 5
10 13 3
6 9 1
22 2 2
4 7 3
22 1 5
20 23 3
16 19 6
21 23 4
6 9 6
9 10 3
10 12 6
23 4 3
5 9 4
10 12 4
7 12 4
16 17 2
2 6 3
18 21 5
3 5 3
2 5 2
21 0 3
3 3 3
4 7 4
4 7 6
12 14 2
5 8 4
11 14 2
4 5 2
6 9 5
20 21 1
4 7 4
18 22 3
5 8 3
2 5 5
20 23 5
13 18 2
12 14 6
4 7 1
12 15 6
1 4 1
0 3 2
23 2 3
11 14 3
18 20 2
18 21 3
22 1 5
16 20 6
10 13 2
17 20 3
19 0 4
9 10 4
22 1 3
3 5 2
4 6 1
16 19 4
14 17 2
12 16 4
22 3 5
6 12 1
0 2 2
12 15 3
19 22 3
5 6 3
6 8 3
3 5 1
19 21 1
20 21 6
18 21 6
16 19 5
13 17 2
1 5 3
2 3 5
21 0 2
15 18 3
1 4 5
2 4 1
22 1 2
15 18 3
0 2 6
20 0 5
6 9 3
8 11 2
10 14 3
12 15 1
6 8 6
10 12 2
2 4 1
22 1 5
15 17 6
9 10 3
10 12 1
7 11 1
2 5 2
8 12 3
15 18 3
11 13 4
10 13 1
16 17 4
3 4 6
9 10 3
16 19 2
21 0 3
16 19 5
20 23 5
2 4 2
21 23 1
14 15 5
4 8 2
14 18 6
16 18 5
10 15 3
21 1 1
8 14 1
11 16 4
19 21 1
6 11 5
16 20 4
23 1 3
12 16 4
19 21 5
20 0 3
6 8 4
6 10 5
16 19 5
3 7 5
14 15 4
16 19 1
18 20 4
17 19 4
0 3 4
9 11 3
12 15 3
18 20 5
17 20 4
18 20 3
22 3 4
13 15 2
0 3 5
11 16 2
9 12 5
23 2 4
12 14 3
4 8 4
17 20 1
21 0 1
10 11 4
12 14 3
21 0 1
19 22 5
5 7 6
9 13 6
14 16 4
3 7 3
19 22 1
16 19 2
18 23 3
4 6 5
5 8 4
12 15 2
19 1 5
0 4 5
18 23 1
13 14 2
0 3 5
13 17 3
5 7 1
6 10 6
20 0 2
18 20 1
15 17 4
1 3 1
22 1 6
19 23 4
12 16 3
4 7 4
19 23 5
0 3 5
17 19 5
3 6 1
13 16 2
0 3 6
19 22 2
3 5 2
10 12 6
18 20 5
9 13 5
14 17 5
1 3 3
10 12 4
7 9 6
22 1 4
14 16 1
7 11 1
7 11 6
13 16 1
11 16 5
17 21 3
11 14 5
18 21 6
12 15 3
6 10 5
16 20 4
8 10 4
7 11 5
16 18 2
2 5 5
11 14 2
21 2 2
22 0 1
7 11 5
9 12 2
5 9 1
15 17 2
10 14 5
3 6 1
12 16 6
22 1 4
14 16 3
14 17 1
22 1 4
18 20 3
10 12 6
16 20 1
14 17 3
7 10 2
11 14 1
11 13 6
15 18 1
1 3 1
5 7 4
21 2 3
0 4 1
2 4 3
3 5 4
11 16 6
21 2 4
3 5 3
16 21 2
6 10 2
23 2 1
9 12 5
22 2 1
13 17 6
17 17 2
7 11 4
20 0 6
1 6 2
21 0 6
15 17 3
6 7 3
8 12 4
15 18 2
18 22 6
18 20 3
10 13 5
0 1 5
1 4 3
12 16 2
11 14 3
5 9 6
21 1 1
6 9 5
20 0 3
6 9 3
20 0 1
4 7 3
0 3 1
4 9 4
8 10 4
23 1 2
16 19 6
19 21 2
0 2 2
23 2 6
10 16 2
23 2 6
21 0 5
9 10 6
20 23 6
5 8 6
7 10 1
0 3 4
2 5 2
5 8 3
3 7 6
16 20 1
14 17 1
5 5 5
16 19 6
17 18 2
19 21 2
22 23 5
21 0 5
13 16 2
15 18 6
5 8 1
7 10 6
13 17 5
22 2 1
7 11 6
23 1 6
20 23 6
0 3 5
19 23 2
7 10 6
0 3 3
13 17 4
23 2 1
13 16 3
8 10 3
13 15 2
17 21 3
2 6 3
18 20 5
21 0 2
9 11 2
0 2 2
23 2 4
14 17 6
17 19 6
21 23 2
20 23 5
21 23 4
23 0 3
13 16 4
7 9 6
3 5 5
22 2 1
0 3 2
9 12 5
13 16 6
2 4 4
10 14 2
13 17 2
16 18 3
17 20 4
11 15 4
7 11 6
6 10 4
1 4 5
20 23 2
7 9 2
0 1 1
7 10 5
2 7 5
15 16 5
8 10 2
9 12 3
7 11 6
18 22 3
17 22 5
11 15 1
5 7 2
8 11 3
15 19 1
19 22 4
1 5 1
0 3 3
19 0 4
15 17 3
12 15 2
5 8 1
9 13 5
12 17 5
11 12 6
4 6 6
2 5 5
18 21 3
15 17 1
19 22 1
23 2 2
2 4 2
6 9 3
7 12 1
1 6 4
18 22 1
0 2 4
10 12 2
20 23 6
9 11 5
4 7 5
18 21 1
0 3 3
5 9 4
11 15 5
3 6 6
10 14 3
9 12 1
21 0 2
6 10 2
20 0 5
22 23 6
19 21 1
7 10 4
8 11 3
16 19 4
6 9 6
0 2 4
5 7 2
22 0 5
19 21 1
9 13 3
19 22 3
6 8 1
3 7 3
14 16 6
3 7 4
14 17 3
23 2 4
3 6 1
18 21 2
7 10 3
22 1 3
3 5 1
15 18 6
1 3 4
12 15 4
11 15 5
6 10 1
11 12 1
1 5 2
20 23 4
21 0 4
7 10 3
4 7 2
21 0 3
6 7 6
17 18 5
6 10 2
18 21 3
1 4 3
18 21 5
22 1 2
13 14 6
12 15 2
6 10 4
9 13 5
16 20 1
3 7 1
16 17 6
10 12 3
6 9 2
12 13 5
0 3 2
22 0 2
18 21 3
1 4 5
4 8 6
1 6 3
7 11 2
23 3 5
8 11 2
13 16 4
20 23 4
3 5 6
8 12 3
7 9 6
17 20 1
22 0 2
11 13 4
21 1 2
16 19 1
12 15 5
18 21 5
9 13 4
18 22 3
10 13 4
17 19 3
11 14 4
3 5 1
0 5 6
23 4 5
10 14 6
6 10 6
19 21 5
21 22 5
21 0 5
5 7 2
21 23 2
4 7 1
23 2 6
12 16 1
15 18 3
17 20 4
17 20 2
13 15 2
15 18 4
14 16 1
2 5 4
5 7 5
23 3 3
11 14 2
10 13 1
5 7 3
13 16 2
3 5 4
8 10 5
1 4 1
16 19 5
19 22 3
3 7 1
16 20 1
9 12 1
17 21 4
1 4 3
8 14 6
20 21 3
22 4 4
18 22 5
4 6 3
1 4 4
0 1 2
22 0 5
0 3 2
2 4 1
6 9 5
2 6 4
20 23 5
22 1 6
1 5 1
12 15 1
13 16 1
21 23 1
19 22 4
15 17 1
17 21 1
21 1 6
13 18 2
23 2 6
15 16 4
7 11 6
8 10 3
16 18 4
12 16 5
5 10 3
17 19 6
9 12 5
15 18 2
10 12 2
16 19 6
20 23 3
4 7 3
0 2 3
7 10 2
8 11 4
21 22 2
10 14 3
13 17 6
18 22 6
1 4 6
9 13 1
17 19 6
12 15 1
13 16 2
16 18 1
9 11 1
18 22 2
15 18 1
10 13 5
20 23 3
22 1 3
22 0 6
14 19 3
2 3 2
8 12 5
2 5 1
3 8 4
0 3 5
18 21 3
9 12 1
7 9 3
20 23 4
13 15 4
6 10 4
9 10 4
7 9 5
0 3 3
23 3 2
22 1 6
16 19 5
23 2 2
14 16 2
1 7 2
3 7 6
11 14 6
6 10 4
13 15 4
14 16 5
7 12 1
1 3 6
18 22 5
19 23 6
22 0 6
5 7 6
6 8 6
14 17 3
4 7 2
15 17 2
21 0 1
12 15 3
5 8 2
5 7 5
1 3 3
18 21 1
12 16 2
1 4 5
11 14 3
16 18 2
9 14 5
1 4 6
17 21 4
9 13 2
17 20 1
12 15 1
14 17 1
8 11 5
22 1 1
8 11 1
6 9 6
0 3 1
4 7 1
9 11 2
4 7 3
17 21 6
9 13 2
16 19 3
14 19 1
0 2 6
11 13 1
21 21 1
11 15 4
11 15 4
23 1 1
2 6 3
11 15 5
15 17 5
16 20 2
2 6 5
21 0 1
18 22 2
18 21 2
10 14 5
20 23 2
0 4 5
7 10 6
7 10 6
19 23 4
13 16 5
16 18 3
13 15 5
21 23 6
1 3 4
14 16 2
10 15 5
14 19 6
9 13 3
11 14 2
20 23 5
18 20 1
14 19 1
0 3 6
4 6 5
21 1 5
7 11 3
8 11 2
14 14 3
19 22 3
18 20 4
21 23 4
21 0 4
12 15 1
2 5 3
16 19 5
2 3 6
14 17 2
13 16 6
9 13 2
1 2 6
5 7 2
15 19 4
8 13 2
15 19 4
17 18 3
18 20 3
8 12 3
14 17 2
11 15 5
19 21 3
18 20 6
10 14 3
14 17 4
12 14 6
9 13 3
5 7 2
14 18 2
11 13 2
5 9 1
3 5 4
17 21 2
19 23 5
14 17 4
18 21 3
15 18 1
3 5 4
6 9 2
0 2 2
15 17 1
12 16 6
1 3 4
4 6 6
14 16 5
18 21 3
4 8 4
10 14 6
14 17 4
0 3 2
12 15 4
21 0 1
3 4 1
7 10 5
7 10 2
9 11 2
18 21 4
8 10 6
5 8 2
10 14 6
8 11 4
9 12 4
22 2 5
0 3 6
14 17 6
5 8 5
20 22 3
15 18 6
14 16 5
18 22 5
4 8 1
23 3 1
16 18 3
4 6 5
21 2 6
23 1 2
2 5 4
18 20 6
10 13 6
23 3 6
15 20 6
13 16 1
19 22 2
9 13 5
17 21 1
19 22 6
6 9 2
21 21 4
18 22 5
19 21 1
17 19 2
23 1 2
9 13 2
8 11 2
6 8 4
12 16 6
7 12 2
14 18 4
3 6 2
8 11 2
4 4 5
10 13 6
14 17 6
9 11 3
1 3 4
2 6 2
0 2 5
18 21 1
8 12 1
22 1 1
13 17 4
2 6 5
16 19 3
7 11 6
5 8 4
1 1 5
22 1 2
3 7 3
6 10 2
4 8 6
11 16 4
2 8 2
1 5 4
20 1 4
1 4 4
3 5 6
18 20 6
23 1 3
15 20 1
5 7 2
8 9 6
17 19 3
11 14 4
0 3 3
18 21 3
21 0 5
22 1 6
16 19 2
5 9 5
18 23 3
6 7 5
9 13 1
3 6 6
7 8 2
17 19 3
16 18 1
10 15 1
18 22 6
19 23 2
0 1 3
13 16 3
6 9 3
20 23 6
6 8 6
