100 4
18 13 19 18 
2 3 3
4 7 2
17 21 2
19 23 1
2 7 1
13 14 4
2 6 2
15 18 2
13 16 4
8 10 4
6 8 2
7 11 1
3 4 1
0 3 2
14 18 4
17 22 4
2 5 4
14 15 3
13 17 4
22 0 4
15 18 2
16 20 1
17 19 4
22 0 4
19 23 1
15 18 3
20 23 3
2 5 1
14 18 3
1 5 4
14 17 4
17 20 2
15 20 4
8 11 2
2 5 2
22 1 3
8 11 1
14 17 4
9 14 2
5 7 3
14 15 4
8 11 3
6 10 1
16 20 4
19 22 2
22 1 1
13 17 3
18 21 3
15 17 1
0 3 4
7 11 1
11 13 2
1 4 3
22 0 2
9 11 4
2 4 1
2 5 4
9 13 4
22 22 2
9 12 4
11 15 1
17 22 2
22 3 1
2 5 4
16 19 3
10 13 1
23 3 1
13 15 4
22 1 2
3 7 1
10 13 2
3 7 3
6 9 1
7 10 4
15 18 3
17 20 4
0 2 3
8 10 4
10 10 3
4 7 3
23 2 3
18 21 4
20 23 2
21 23 3
7 9 4
17 21 1
7 8 2
22 0 2
5 7 2
10 13 3
16 20 3
8 10 1
3 7 4
11 15 1
20 23 1
3 6 3
4 6 2
11 15 4
20 0 1
13 15 3
