100 5
3 8 3 9 19 
5 8 4
21 23 1
10 14 5
9 11 3
2 6 3
9 9 3
22 0 1
2 5 4
2 6 4
23 1 2
22 0 3
1 4 2
4 8 4
14 16 4
15 19 5
15 18 1
11 14 3
2 4 4
6 8 4
0 2 1
12 14 4
14 17 5
19 21 2
0 1 4
23 1 2
11 14 1
14 16 3
22 2 1
21 0 5
18 0 5
10 12 2
19 23 3
10 13 2
4 7 4
7 10 2
18 21 2
18 22 5
9 13 5
6 9 4
9 14 5
20 23 5
4 8 3
2 5 5
1 7 1
15 17 1
14 17 5
16 20 3
0 4 1
20 0 4
17 20 3
9 13 3
8 11 1
13 15 3
17 21 2
5 8 2
7 8 2
18 22 5
8 12 2
19 21 3
8 13 4
1 5 2
0 3 3
4 7 5
20 23 3
0 3 2
10 13 1
6 11 5
1 3 3
8 10 4
4 9 1
2 6 3
4 9 3
21 0 2
12 16 5
12 15 2
3 7 1
11 15 1
20 22 5
20 23 4
7 9 1
19 23 2
1 2 3
15 17 5
7 10 5
2 6 1
5 10 1
17 21 3
3 8 3
21 2 4
1 4 1
6 9 4
20 23 1
10 13 1
2 6 3
3 5 5
13 16 5
20 23 4
20 23 4
22 1 5
7 10 5
