100 6
11 19 20 18 19 7 
20 22 6
21 23 3
18 23 3
20 23 2
3 7 4
8 11 5
12 17 2
1 2 1
22 23 3
1 4 4
8 11 1
4 6 3
20 23 5
12 15 3
11 13 1
16 20 2
3 6 3
10 14 2
5 9 3
20 23 1
18 20 2
18 21 1
11 14 4
12 15 4
17 19 3
7 10 3
5 10 4
2 6 5
19 20 2
8 12 4
13 18 2
1 4 5
23 0 2
19 22 5
11 14 2
11 13 5
4 6 3
6 8 6
7 10 6
8 11 5
3 6 2
6 10 4
13 16 5
5 9 6
5 6 3
10 14 1
7 9 2
18 21 6
21 0 4
17 20 4
8 12 3
5 8 4
7 10 4
23 1 4
2 5 4
11 14 2
21 2 1
0 3 6
14 18 5
8 9 1
15 19 6
22 0 6
23 0 2
22 1 6
17 20 5
5 6 2
7 9 1
6 9 6
0 2 4
18 19 2
22 1 6
15 19 5
2 5 4
14 16 2
7 8 2
12 15 1
8 11 3
0 3 2
17 21 5
10 13 6
14 17 3
3 7 3
21 23 4
1 3 2
5 8 3
6 9 5
22 1 3
10 13 1
7 11 5
9 12 4
8 11 3
6 11 1
11 15 4
8 11 1
17 21 5
13 14 6
21 1 4
14 17 4
7 10 3
4 7 4
