1500 6
20 22 12 3 1 22 
3 7 4
16 20 3
23 2 1
9 11 3
20 0 5
17 20 5
23 2 2
22 2 4
22 1 2
15 18 3
7 12 5
1 4 1
11 13 2
3 6 4
9 11 5
0 2 1
4 8 2
15 18 3
10 14 4
4 7 2
14 17 5
2 5 3
18 21 4
11 14 4
3 7 1
7 11 4
9 11 4
18 21 3
5 11 6
7 10 5
9 13 5
2 5 6
18 22 3
14 17 3
5 7 6
15 20 6
22 2 4
9 9 5
21 0 4
1 4 3
22 1 2
15 20 1
0 5 2
6 10 6
23 3 2
5 8 5
2 3 2
23 2 3
11 13 6
21 0 1
3 5 2
13 15 4
15 18 6
20 23 1
1 4 1
10 13 2
15 16 5
20 0 5
8 13 1
12 15 3
5 9 3
23 3 4
19 0 6
5 9 6
7 10 2
7 9 6
12 14 5
18 21 1
16 20 2
11 14 6
21 0 4
22 0 6
8 11 6
9 11 3
20 23 2
8 10 6
2 6 2
14 18 4
7 10 2
3 5 2
18 22 2
18 22 1
4 7 6
23 2 6
4 7 6
7 10 4
18 22 5
14 16 1
19 22 2
3 6 3
1 4 2
7 8 1
6 10 4
0 2 5
16 18 3
5 7 6
5 8 3
4 7 1
0 4 3
6 8 4
10 12 5
15 18 5
5 8 3
22 1 4
3 7 1
0 2 5
8 12 2
14 16 6
7 12 5
10 14 2
14 17 4
20 23 5
21 23 5
18 21 6
6 9 5
7 10 1
21 0 1
13 15 5
10 13 6
9 14 2
23 3 2
3 6 2
12 16 2
10 11 3
13 16 4
3 6 1
21 1 5
13 17 4
21 23 6
21 22 4
16 17 2
21 0 2
20 23 4
12 16 5
13 16 2
21 1 1
12 15 2
22 1 2
19 23 4
12 16 6
13 15 1
12 15 6
13 14 4
5 9 5
15 19 2
16 17 6
0 4 6
0 1 3
18 22 1
17 17 6
23 3 5
23 2 1
20 22 2
19 21 3
9 12 4
1 3 2
7 11 3
3 8 4
3 5 4
18 22 3
11 16 3
15 17 6
21 1 3
16 20 1
20 0 3
4 6 5
7 9 5
23 3 6
4 6 6
13 17 6
15 20 1
14 17 5
16 20 2
12 15 4
0 3 4
11 15 6
11 15 6
23 2 1
3 6 2
23 3 1
0 2 4
0 2 3
0 3 3
9 12 2
18 21 6
11 13 3
12 16 2
7 10 4
5 8 6
8 11 3
16 19 6
12 17 1
12 14 2
6 10 2
7 8 1
13 17 6
1 4 1
15 18 6
17 21 1
23 3 6
1 6 1
23 2 3
2 4 1
7 11 1
8 11 3
8 13 6
23 1 5
0 3 2
23 1 2
15 19 2
17 20 5
17 20 1
17 20 2
4 9 2
19 22 1
18 21 6
10 13 5
8 11 1
8 12 2
18 20 5
10 11 2
8 10 5
0 4 2
18 21 3
7 10 5
4 7 2
8 10 5
0 3 5
1 4 1
11 14 5
3 6 4
2 4 3
19 23 6
5 6 6
17 20 3
15 19 1
23 3 5
10 13 6
14 17 1
22 0 2
9 12 5
14 17 1
13 16 3
14 17 5
23 1 3
11 14 3
4 6 2
19 23 2
6 9 4
6 8 5
5 8 2
19 22 1
19 21 6
0 3 3
23 2 4
14 17 4
10 13 4
15 19 3
8 11 2
17 18 4
3 6 1
8 12 6
3 5 2
21 1 6
12 14 2
16 19 3
22 3 1
3 6 1
11 14 1
11 13 5
13 17 2
15 17 3
12 15 2
8 10 4
1 4 2
1 3 6
13 16 2
14 17 6
23 3 3
10 14 6
3 5 6
22 2 4
1 3 2
21 0 6
15 19 2
4 7 6
0 3 2
8 11 2
8 11 5
22 1 5
5 7 4
11 15 1
13 17 2
22 0 1
20 23 1
2 5 5
11 13 2
0 3 5
22 0 6
3 7 1
2 4 1
2 6 3
17 20 3
7 12 4
18 20 1
9 13 1
18 21 1
21 0 1
14 17 3
8 13 6
8 10 5
12 15 3
11 14 5
4 7 6
12 13 3
3 5 2
5 8 1
18 21 3
12 16 6
17 20 5
17 20 6
23 2 6
7 11 6
11 14 2
13 15 3
12 14 1
7 9 3
18 21 6
5 7 5
1 5 2
6 10 1
7 11 4
1 5 5
20 22 2
9 12 2
7 10 4
15 18 6
22 1 3
15 16 1
15 19 5
17 18 5
11 15 1
14 18 6
12 16 5
16 20 4
17 21 5
6 9 5
1 2 3
17 20 1
12 15 4
15 18 2
22 2 6
19 21 1
23 0 1
11 15 3
0 3 4
17 19 2
1 3 4
13 16 2
3 5 3
17 20 5
5 9 5
3 6 3
1 4 3
10 13 2
3 7 4
18 20 3
8 13 4
20 23 2
3 7 1
13 16 3
19 0 2
20 22 3
19 23 2
12 13 4
10 13 3
17 20 1
16 18 6
9 13 4
23 2 2
15 18 3
17 21 4
20 1 6
4 7 4
21 22 3
4 8 3
17 20 1
5 7 5
8 12 1
8 9 5
0 2 6
0 3 1
18 20 2
3 6 6
19 23 6
12 16 5
16 20 5
8 10 3
23 0 6
7 11 2
18 21 3
8 11 6
17 19 2
2 4 4
5 9 1
21 0 6
15 20 1
15 19 2
2 6 1
23 2 1
2 5 2
6 7 1
21 0 5
6 8 3
23 0 4
12 14 6
12 14 4
20 0 5
18 19 2
18 20 5
21 23 1
6 8 2
20 0 2
23 1 4
22 0 3
15 17 6
23 3 5
18 20 1
23 4 6
17 19 3
23 0 5
18 20 1
1 4 1
9 12 2
8 10 3
22 0 6
8 8 6
14 18 5
21 0 1
18 20 4
15 17 4
22 1 3
14 16 6
16 18 6
1 2 6
1 5 2
14 17 3
6 10 5
20 22 4
5 9 4
21 23 2
10 12 2
14 18 6
21 23 6
4 7 5
18 22 2
15 18 2
11 15 3
10 13 1
7 11 4
5 6 6
23 2 1
15 16 3
20 22 2
6 10 1
22 3 1
0 3 6
7 10 3
17 20 3
22 2 3
6 9 2
19 21 4
4 6 2
1 4 6
8 12 3
18 20 5
7 10 2
21 23 3
14 18 4
3 4 4
9 12 2
17 21 5
5 9 4
21 0 2
22 22 2
16 19 1
22 1 3
10 14 5
8 11 1
1 3 6
13 18 2
14 19 6
19 23 4
23 1 2
23 1 4
19 23 3
6 9 5
10 11 6
13 15 3
6 9 4
18 22 2
18 21 4
6 9 2
22 2 4
13 17 3
17 21 2
11 11 2
22 1 3
9 10 2
4 8 4
23 2 4
5 8 1
9 13 3
4 6 4
19 0 6
4 8 5
3 6 5
12 15 1
0 2 1
5 6 6
22 2 6
14 17 4
10 14 5
12 14 2
2 5 3
23 1 4
17 21 3
12 13 5
7 10 6
5 6 4
9 14 3
12 14 4
3 7 4
17 21 5
18 20 1
21 22 5
14 19 4
10 11 1
16 18 3
10 13 3
2 6 2
15 18 2
0 2 6
20 23 1
14 15 4
5 9 6
11 15 1
11 14 2
5 8 4
14 17 4
11 13 5
17 20 5
19 23 1
21 0 4
13 15 1
14 18 3
15 17 5
1 4 3
22 0 1
1 5 3
13 16 4
17 21 5
6 9 6
21 0 3
11 15 5
14 18 5
16 18 6
15 16 5
14 16 6
10 13 3
20 21 2
22 1 4
10 13 1
4 7 3
7 11 5
12 15 6
6 8 5
19 21 3
6 11 3
4 9 2
20 23 4
9 13 5
0 4 3
15 17 6
14 16 4
16 18 1
16 20 3
15 18 1
12 15 6
19 0 6
0 1 2
17 19 2
18 23 4
11 12 3
3 4 6
2 6 2
7 9 3
0 3 5
4 7 5
20 22 3
10 13 1
14 17 6
17 20 3
2 4 2
18 21 3
11 15 5
10 13 5
22 2 2
10 12 4
13 18 6
10 13 3
4 7 3
21 22 3
20 22 3
9 12 4
11 14 6
3 5 3
1 5 1
10 12 3
3 5 2
14 18 3
15 19 5
0 3 4
15 20 5
12 16 4
14 19 6
10 13 2
11 14 4
4 6 4
11 11 3
22 2 2
4 8 4
12 14 2
13 15 3
2 5 3
8 10 6
2 3 3
16 19 1
5 6 1
0 4 3
1 4 4
19 22 3
4 6 1
14 18 1
18 21 1
11 16 3
4 6 3
22 1 5
19 0 1
0 0 4
1 3 5
13 16 3
12 15 3
7 10 2
13 17 4
5 8 4
4 8 1
20 21 5
17 21 5
13 16 3
5 8 5
4 9 3
9 13 4
17 20 1
11 13 1
2 5 5
8 10 1
1 4 6
1 5 1
20 22 1
5 8 1
6 8 4
18 21 2
9 13 6
22 2 1
7 10 1
3 6 2
17 20 6
4 5 2
18 20 2
1 3 1
6 10 3
14 16 2
7 8 2
17 21 5
9 12 3
13 17 6
6 7 4
15 17 3
17 20 5
15 18 3
18 20 3
14 17 3
9 12 1
19 21 2
15 18 2
21 23 4
16 20 5
14 17 4
9 12 6
5 9 1
8 11 1
22 1 1
13 18 2
9 12 3
12 14 3
3 4 5
4 7 6
3 5 3
11 14 4
15 19 6
0 0 1
3 5 3
14 18 2
10 12 5
8 11 1
20 23 4
22 2 2
6 11 3
5 8 5
11 13 3
3 7 1
7 12 3
6 9 6
9 11 3
14 17 2
9 12 3
15 17 3
11 15 3
3 5 1
1 4 3
8 11 6
16 20 1
6 9 1
3 5 4
20 22 2
8 11 1
19 22 4
17 21 4
18 20 4
15 17 1
22 1 2
3 7 3
14 16 1
13 16 6
9 11 5
8 13 1
6 9 6
4 8 5
2 5 5
3 5 3
7 9 1
13 15 2
3 5 6
0 3 5
15 18 2
21 0 6
5 8 1
3 4 6
6 9 3
5 7 6
10 14 2
13 14 1
15 16 4
20 0 4
4 7 1
20 0 5
11 13 1
0 3 4
8 11 3
9 13 5
23 2 6
8 13 6
13 17 5
11 14 3
14 17 4
22 1 6
18 23 5
22 0 1
23 3 6
14 18 3
16 18 6
19 23 2
14 18 4
20 0 2
5 7 4
20 22 4
13 18 6
0 3 5
20 23 4
4 6 2
3 7 6
9 12 6
17 20 3
7 9 2
0 5 6
0 3 4
18 22 5
16 20 4
9 13 4
3 6 6
0 4 5
19 21 6
23 4 4
19 21 4
13 16 6
10 12 1
13 17 3
17 19 4
19 22 5
23 1 1
15 18 4
10 12 3
6 7 6
5 9 3
13 16 5
3 6 6
3 8 2
4 8 1
8 10 2
9 12 5
10 14 6
19 22 3
10 12 3
13 15 4
12 15 1
12 16 2
6 11 2
6 10 2
23 1 3
9 12 6
23 3 6
19 23 3
16 18 2
14 16 2
3 7 3
6 10 5
22 0 3
2 5 6
23 1 1
15 19 1
10 11 2
2 6 5
11 14 4
6 9 2
5 9 2
8 12 6
5 8 6
0 4 5
23 4 2
8 13 2
2 5 2
3 4 3
2 6 2
7 11 5
5 7 2
11 12 2
13 16 1
21 0 1
4 8 1
17 20 3
23 1 3
14 16 1
2 6 3
14 17 1
0 5 1
15 18 6
10 13 4
16 18 3
21 1 5
14 16 5
17 19 1
3 6 1
6 10 2
23 3 4
22 1 1
18 21 4
11 15 3
1 2 5
8 13 1
13 17 1
2 4 1
18 21 6
20 0 3
21 0 5
21 23 2
8 11 6
7 9 2
21 1 1
4 8 3
8 12 6
15 18 1
5 8 5
3 5 5
8 13 4
9 14 3
2 5 6
2 5 6
9 13 6
16 19 3
5 7 2
2 4 4
9 13 6
13 16 3
18 22 4
14 17 3
8 11 5
7 10 1
7 10 1
2 7 6
20 0 5
20 23 6
1 5 4
17 20 6
10 13 1
18 22 3
3 5 6
2 5 2
3 6 5
12 14 4
18 0 2
12 15 4
21 0 2
5 9 6
1 7 5
18 20 5
3 7 4
0 2 5
4 6 5
2 5 2
15 17 1
13 14 2
7 9 2
7 10 1
21 1 1
19 20 3
3 5 2
8 10 4
15 19 2
13 15 5
19 21 2
5 6 5
23 1 1
9 11 3
6 9 5
20 23 6
6 9 1
7 8 1
3 7 5
18 22 5
22 0 4
7 11 4
4 10 2
11 14 3
13 16 6
11 13 1
5 8 5
8 13 2
23 2 5
18 20 5
11 13 4
12 16 4
21 0 5
0 5 1
19 22 6
22 3 3
13 16 5
0 4 3
1 4 1
16 19 2
19 20 5
6 9 5
16 20 2
0 2 2
11 14 3
19 23 2
6 12 5
7 12 5
11 13 2
5 7 2
16 19 2
14 16 3
22 1 6
14 17 5
1 4 5
11 13 3
6 8 6
19 22 4
23 1 3
1 5 2
8 10 3
10 15 6
15 18 4
23 0 6
5 8 5
4 7 1
23 1 6
15 17 3
6 9 2
13 15 2
22 1 1
7 12 2
12 13 5
14 16 5
0 3 2
9 12 5
10 13 3
8 12 5
0 4 2
10 16 4
11 16 1
15 17 6
12 16 6
5 9 1
21 23 3
16 19 4
19 22 5
10 14 3
14 16 3
19 21 5
16 19 6
4 5 3
11 14 1
21 23 4
13 17 3
20 23 2
0 4 1
18 22 1
13 17 3
8 11 3
7 11 3
3 4 2
17 20 2
10 12 2
2 5 4
1 4 5
8 11 1
13 17 1
13 17 4
16 19 2
2 5 6
5 8 2
20 22 4
15 18 2
9 11 1
15 16 3
9 12 4
12 15 3
10 12 2
18 21 2
14 17 6
9 11 6
4 8 5
15 18 5
10 12 1
10 13 4
19 21 2
10 13 4
18 21 3
1 4 4
19 21 1
12 14 6
4 7 3
14 17 1
12 16 3
17 20 6
17 21 2
5 9 2
22 1 6
10 12 5
18 20 3
0 3 3
11 13 3
21 0 6
14 17 6
5 9 5
14 18 1
23 3 6
22 1 1
16 19 6
17 20 4
4 7 6
5 8 4
7 10 1
7 10 1
15 19 1
19 23 5
17 22 2
4 6 5
12 15 5
2 5 2
14 15 4
3 8 3
14 17 6
22 0 1
23 4 5
0 4 4
6 11 6
10 13 6
9 14 3
2 4 4
4 7 6
18 19 5
20 23 4
8 10 6
6 10 1
17 19 6
23 1 5
18 22 1
21 0 2
21 1 2
19 0 1
8 9 5
10 13 5
3 6 6
0 2 4
11 14 6
4 8 5
12 16 2
7 9 5
22 2 6
0 2 5
2 5 3
12 16 2
0 2 1
14 18 1
13 17 3
20 21 4
14 16 2
22 2 2
14 16 6
14 16 2
12 16 5
17 20 4
3 5 6
0 3 5
4 7 2
19 0 5
5 9 6
3 6 4
11 13 4
6 10 3
19 21 4
2 6 5
14 17 2
12 16 1
16 19 3
6 10 2
3 4 5
4 7 3
12 15 6
23 4 5
13 17 2
3 5 2
18 20 2
1 4 5
16 18 3
17 20 6
5 9 1
8 11 2
7 11 3
22 1 4
12 16 6
4 7 6
0 3 4
16 20 1
13 16 6
18 20 5
19 21 2
13 16 5
5 9 4
22 1 2
11 13 2
10 14 6
9 12 2
4 5 5
3 6 2
20 22 3
18 22 6
1 3 6
12 16 3
18 21 6
14 17 5
7 10 5
13 18 1
12 14 5
12 13 3
12 14 4
3 5 4
4 7 3
6 9 3
11 15 5
17 18 3
4 6 4
4 6 4
8 11 1
14 17 3
19 20 2
13 15 1
13 17 1
12 14 2
14 17 1
9 11 6
3 6 4
6 9 1
3 7 5
19 22 4
17 21 1
8 11 4
3 6 3
18 21 5
11 15 2
14 16 3
10 12 2
14 17 1
3 7 6
7 9 2
11 13 5
3 6 1
6 10 3
11 14 5
17 21 6
20 23 3
7 9 3
22 2 2
20 22 6
17 19 2
20 22 1
7 11 5
19 23 4
9 12 3
4 7 3
1 4 2
6 10 4
5 9 3
23 4 1
19 23 5
4 7 2
3 6 6
6 9 4
13 17 4
21 0 2
9 12 3
12 14 5
19 22 1
3 6 4
9 11 5
1 3 5
17 20 2
17 18 3
2 5 5
22 23 3
7 10 5
14 17 5
9 11 2
15 18 3
3 7 3
17 21 1
7 10 4
17 19 6
0 2 3
14 17 2
15 19 6
22 0 6
21 23 1
20 22 2
12 15 5
14 18 1
20 1 6
19 22 3
20 22 5
3 5 3
8 12 2
9 12 4
23 2 2
22 0 5
23 2 5
6 10 6
9 10 3
5 7 1
17 22 2
10 14 4
21 23 6
1 4 4
12 16 2
4 8 1
23 4 6
19 22 6
12 14 3
4 7 5
3 7 3
1 4 5
16 19 3
11 16 5
1 2 2
11 14 2
18 22 4
8 10 5
17 23 2
5 7 5
20 1 2
19 22 6
7 11 3
17 20 5
1 2 2
19 22 1
7 13 6
14 17 4
17 20 5
12 16 6
22 2 4
20 22 2
9 11 3
13 15 4
8 12 1
21 23 6
4 6 6
10 13 6
6 10 5
22 1 2
18 22 4
7 11 4
18 21 5
22 1 4
1 5 2
20 23 4
20 23 3
4 7 5
13 16 6
15 19 6
0 2 4
18 21 1
18 21 2
14 18 5
9 14 4
6 8 1
16 19 2
8 11 1
23 2 1
14 18 5
23 1 2
0 3 3
13 16 6
16 18 6
21 23 1
2 5 1
10 13 4
13 16 6
3 6 4
16 18 6
12 16 3
23 0 4
22 0 6
13 15 4
19 22 3
6 11 5
9 13 6
16 19 1
4 6 3
6 9 1
7 9 4
1 3 4
7 10 4
6 10 4
15 19 4
18 22 2
4 8 6
2 4 4
9 11 2
17 22 5
5 8 6
3 6 3
1 4 4
6 8 1
2 4 3
7 11 6
20 0 3
5 8 6
11 14 4
6 9 3
7 10 6
14 17 4
12 15 3
16 19 3
9 12 1
21 0 4
14 18 3
17 19 1
7 11 1
0 2 4
0 3 5
0 3 4
21 0 4
22 1 4
6 9 2
5 9 2
14 16 2
7 10 1
17 22 2
4 9 4
0 3 4
5 5 5
11 15 2
7 11 4
17 20 4
11 14 6
14 18 4
10 13 6
16 18 6
22 2 2
8 10 6
1 5 2
18 23 6
11 15 4
15 18 1
10 12 6
1 4 1
0 4 1
15 17 3
15 16 5
8 9 4
8 10 2
11 14 3
9 13 4
22 2 2
12 14 6
1 4 1
1 3 3
0 2 6
8 11 2
17 20 5
3 6 2
19 21 5
15 19 2
2 5 6
7 8 2
15 17 1
11 15 3
3 7 5
12 15 5
15 17 3
7 11 5
12 13 5
15 19 6
8 11 5
11 15 6
15 18 2
19 21 6
3 8 5
23 4 2
11 14 5
1 4 5
3 6 2
9 12 6
9 13 5
17 19 3
15 18 6
13 15 1
8 10 2
1 2 3
13 17 5
16 19 5
20 21 6
2 4 3
8 11 4
5 9 5
13 16 4
5 9 1
17 18 4
3 6 1
19 23 2
22 2 3
13 16 3
23 2 2
15 20 3
14 18 6
7 10 4
2 5 5
21 22 4
10 13 5
18 22 6
4 7 2
18 20 4
7 10 1
11 14 3
7 10 5
20 0 6
12 14 3
21 1 3
16 20 2
3 5 1
8 9 4
1 4 1
21 0 5
9 11 1
1 5 3
7 9 2
18 20 5
13 13 3
11 14 5
