1100 5
11 18 8 4 22 
17 22 4
4 8 4
15 19 4
8 12 5
22 23 3
14 19 5
13 14 3
2 4 4
22 0 5
4 6 3
1 2 1
4 6 2
11 13 3
19 21 5
11 13 4
9 14 5
8 11 2
23 2 2
19 22 3
19 22 4
6 9 2
23 0 4
13 17 5
11 14 3
22 0 1
10 14 2
14 18 1
13 15 3
2 4 4
22 1 2
6 8 2
3 6 2
18 20 1
3 5 5
22 1 2
18 22 3
23 1 1
10 13 2
3 7 1
5 6 5
16 20 1
5 8 2
10 13 5
6 9 2
15 17 3
6 9 4
6 9 5
5 8 2
1 5 2
9 12 3
21 22 3
23 2 5
17 21 2
3 6 3
6 10 2
16 18 3
17 20 1
11 15 2
16 19 5
14 18 5
21 0 3
6 8 5
2 3 5
2 5 1
9 12 1
2 6 1
7 10 2
15 18 5
5 9 1
5 9 2
3 6 2
12 13 5
7 9 1
21 1 4
13 15 2
12 15 5
6 11 5
6 10 5
17 21 2
0 3 1
0 4 1
9 13 4
14 16 5
4 7 2
6 9 1
4 7 3
8 11 1
4 6 5
13 14 5
9 10 4
6 10 1
15 17 4
9 11 1
9 12 5
16 18 2
15 18 1
21 2 3
20 0 3
8 9 2
23 2 3
20 23 2
1 5 2
22 1 4
11 12 3
16 19 4
1 5 3
11 15 3
9 13 4
6 10 2
15 17 2
10 13 5
14 18 4
3 6 3
3 7 2
17 19 4
23 4 3
5 6 4
4 9 1
2 6 1
6 10 3
18 21 3
9 12 3
19 21 2
11 14 5
11 13 4
7 11 5
8 12 1
11 13 4
17 20 1
7 9 4
15 18 4
13 16 5
21 0 5
2 6 1
20 22 1
6 10 3
4 6 4
14 19 5
20 22 3
11 14 5
4 5 3
21 0 3
11 13 5
7 10 1
20 23 5
7 9 3
2 5 4
6 11 1
23 1 1
4 5 2
3 6 4
8 11 1
16 20 4
22 1 5
12 14 2
4 6 5
7 8 4
3 6 5
5 6 5
22 1 5
16 20 2
22 1 5
5 9 5
20 22 2
5 7 5
20 0 2
4 6 2
2 4 2
21 23 4
7 9 4
11 15 5
7 10 3
16 19 5
4 8 3
11 13 2
7 10 5
11 12 4
3 6 1
7 12 5
1 3 3
20 22 5
0 2 3
4 6 4
11 16 1
3 8 4
17 20 5
15 18 4
4 7 5
23 3 5
12 16 2
12 15 3
18 22 2
6 10 1
20 22 1
1 4 4
8 11 5
15 19 3
13 17 3
18 22 2
17 21 2
8 12 5
0 2 1
8 11 3
2 5 4
4 6 3
13 17 3
21 22 4
1 5 1
21 22 4
5 7 1
13 16 1
8 11 3
2 5 1
6 10 4
2 7 1
3 6 5
15 19 2
11 14 2
8 10 1
6 9 5
11 12 2
11 15 2
19 21 5
19 21 3
7 9 4
8 10 3
23 3 2
3 4 2
15 19 1
3 5 4
19 23 3
13 18 5
21 0 3
8 9 4
12 15 3
2 5 2
8 12 4
11 14 3
8 9 5
1 5 4
9 11 2
11 15 3
23 2 2
10 14 3
23 1 3
13 16 1
15 18 5
0 3 1
22 2 1
3 8 4
21 0 1
4 10 4
15 19 4
0 4 5
6 9 2
19 23 4
6 9 1
5 8 1
0 3 1
14 17 2
10 13 5
3 4 3
9 13 5
20 23 1
15 18 1
5 7 2
7 10 4
5 9 2
18 21 1
17 19 5
20 22 2
10 13 3
14 17 5
15 18 4
3 5 4
2 3 2
8 12 4
20 23 1
18 20 4
13 16 5
21 21 5
19 21 3
20 0 3
12 14 4
6 6 3
13 16 4
2 8 3
0 3 1
12 16 5
18 23 5
12 16 3
0 1 4
15 16 4
7 10 1
17 19 5
2 5 2
23 2 2
14 16 2
21 1 2
19 21 5
4 7 4
14 16 1
0 3 4
17 20 5
18 23 1
2 5 4
6 8 4
15 19 4
2 3 5
0 5 3
16 17 5
6 8 5
20 0 1
1 4 1
10 15 5
9 14 2
10 14 5
7 9 3
22 0 1
1 2 5
20 22 1
8 12 1
8 10 3
6 9 2
2 5 3
6 8 4
3 7 2
16 22 4
2 5 3
13 17 1
21 22 2
4 8 4
23 4 1
4 7 3
20 23 1
14 16 3
7 13 3
2 5 5
9 12 5
0 2 4
4 8 4
3 5 5
4 6 4
7 11 1
10 15 3
8 11 1
8 11 3
1 5 5
11 14 1
1 4 1
17 20 5
18 20 2
9 12 1
15 15 4
20 22 1
9 12 3
4 6 4
12 14 4
14 16 4
8 10 4
13 16 4
4 8 5
12 15 4
4 7 3
21 0 2
5 9 3
11 14 5
3 6 3
10 12 4
0 1 1
20 0 5
21 0 4
18 21 5
5 9 1
14 16 1
3 7 2
9 14 5
4 7 1
1 5 4
2 6 1
19 21 4
6 10 3
12 16 1
17 21 1
9 9 3
23 3 3
11 14 5
1 2 4
12 15 2
19 21 4
9 11 5
10 14 3
16 19 1
15 17 5
2 6 4
2 5 2
3 7 1
20 23 1
10 13 1
14 17 5
18 20 2
7 8 3
17 21 5
0 3 4
8 13 5
21 0 3
13 16 1
6 9 5
11 15 3
14 17 3
14 17 5
2 5 3
14 17 4
13 17 2
15 17 5
6 10 3
23 1 1
13 17 4
16 20 3
14 15 2
11 13 1
16 18 5
16 19 5
2 4 5
6 8 4
1 5 5
14 19 1
22 1 3
3 5 3
18 21 4
3 9 2
4 8 4
10 14 1
23 3 2
20 0 3
16 20 1
4 6 4
9 14 3
11 14 4
7 11 5
16 17 5
17 21 5
18 22 2
2 6 5
0 3 4
3 5 1
4 6 2
13 15 5
22 2 5
5 7 5
19 22 2
20 23 1
23 1 2
2 6 4
15 18 2
21 23 1
20 0 1
10 14 5
6 8 5
16 20 3
1 5 2
20 23 3
6 10 4
13 16 5
21 0 1
18 20 2
21 0 5
12 16 2
9 11 4
18 19 2
9 11 4
6 9 5
0 2 3
10 12 4
20 1 2
17 19 4
2 5 2
5 7 1
17 20 1
1 5 5
23 2 2
17 20 2
1 4 3
17 21 1
0 2 5
2 5 3
21 23 3
8 13 2
18 21 3
22 0 1
5 8 5
3 8 2
15 19 2
6 8 4
19 22 1
18 21 3
7 10 1
8 10 2
0 5 5
8 11 5
10 13 5
4 8 3
11 13 4
8 13 2
8 11 5
19 20 4
18 21 4
10 13 4
9 10 1
17 21 5
19 22 3
0 1 3
10 12 4
13 15 4
16 19 1
12 15 1
17 20 5
8 12 5
15 19 5
16 19 1
17 21 3
6 8 1
1 6 2
8 12 3
7 10 1
9 12 2
13 15 5
5 7 3
14 17 4
10 12 1
9 11 1
7 10 5
18 0 5
18 21 3
14 15 5
8 12 5
19 22 5
1 5 1
7 9 3
2 6 5
16 18 1
3 5 3
4 9 1
20 23 2
17 19 3
11 15 4
9 12 4
10 14 3
1 4 2
4 8 2
19 21 1
15 18 1
21 0 2
22 2 5
17 20 5
5 8 3
13 17 3
4 9 1
11 13 2
11 13 3
11 13 5
23 1 5
21 1 1
6 9 1
15 18 1
6 9 1
8 10 2
18 20 1
6 9 1
21 0 4
5 8 5
0 1 4
18 0 3
2 5 3
23 2 3
21 0 4
8 10 3
15 19 4
6 9 5
0 2 5
17 21 2
3 7 2
18 21 4
3 7 1
2 5 2
6 8 4
10 12 3
11 15 1
4 7 3
13 16 2
2 5 5
15 18 3
7 12 3
9 12 5
6 9 3
7 11 1
13 16 2
13 16 2
3 7 3
13 17 5
17 20 4
12 13 2
23 2 2
10 13 2
8 11 5
15 19 5
11 12 3
5 9 1
7 9 5
16 19 2
2 5 5
4 8 3
4 5 4
23 3 3
16 20 4
12 14 3
18 21 5
23 2 2
6 8 2
3 6 4
1 6 3
19 21 5
15 16 5
20 23 4
17 20 4
15 17 3
0 3 5
3 7 2
8 10 2
8 13 5
23 2 1
5 7 2
22 0 1
11 15 1
3 7 5
23 0 5
6 9 5
7 10 3
21 0 1
16 21 3
13 16 5
17 19 4
10 12 5
5 8 1
6 9 5
5 8 2
20 23 1
6 8 4
14 16 5
19 23 1
11 16 1
7 10 3
20 23 3
12 15 3
9 10 1
5 8 1
11 15 4
1 4 4
13 15 5
18 22 3
18 22 3
11 15 3
1 4 1
5 7 3
16 19 5
1 4 4
9 12 3
16 19 4
9 12 4
3 6 5
5 7 1
23 3 3
17 21 1
5 8 2
8 10 4
10 12 2
18 22 4
22 1 2
23 2 4
21 1 4
10 13 4
5 10 5
22 23 1
16 23 2
17 20 2
16 20 5
21 0 3
0 4 5
13 16 5
23 3 3
5 8 4
13 15 5
4 7 5
9 12 5
2 4 3
0 3 2
15 18 1
18 20 3
8 10 4
14 17 3
5 8 4
0 3 4
6 9 3
9 11 5
22 1 4
13 18 1
3 8 5
10 15 2
7 10 1
22 1 2
0 2 4
23 2 4
14 17 4
0 1 5
9 12 4
7 10 3
13 16 1
20 0 3
7 11 2
0 3 2
18 22 2
17 21 5
5 9 5
12 16 5
4 9 1
4 4 3
16 18 3
14 17 2
7 9 3
15 17 2
5 7 3
22 1 4
3 8 5
0 3 2
7 9 1
20 1 5
10 14 1
17 21 2
6 9 4
2 3 1
15 19 4
17 20 1
4 7 5
13 16 5
23 2 5
17 20 3
2 5 4
21 0 1
3 5 4
18 19 3
8 9 1
21 1 3
13 16 2
9 12 5
20 23 5
17 18 1
15 18 3
13 16 2
3 5 2
15 19 3
17 19 5
9 11 5
14 17 5
5 7 1
5 7 3
17 22 2
22 0 5
8 11 2
0 2 3
18 21 5
5 8 5
16 18 5
1 5 3
0 1 4
3 6 3
5 8 3
3 6 4
6 9 2
8 12 2
8 11 1
1 3 2
6 10 5
14 16 4
19 23 1
19 23 1
15 17 5
17 22 3
19 0 5
23 1 1
5 8 5
11 14 3
10 11 5
20 23 1
2 5 3
7 8 1
11 15 5
18 23 3
15 17 4
2 6 3
20 0 5
5 8 1
9 12 4
19 22 2
21 23 2
20 0 5
12 14 1
4 7 5
12 15 2
14 19 1
14 17 4
3 5 5
10 14 2
19 21 4
0 3 1
20 23 3
9 13 4
3 7 3
11 14 1
11 12 4
10 12 5
4 5 3
23 3 1
8 10 2
20 22 4
9 11 1
20 23 3
7 10 1
13 18 1
14 16 1
13 18 2
2 3 4
0 3 4
4 7 5
14 18 5
3 5 4
11 14 1
6 10 3
0 3 2
18 21 5
7 9 5
5 10 3
0 4 4
18 20 5
18 22 5
20 22 5
1 3 5
2 4 5
21 0 1
9 13 4
14 18 4
3 5 1
17 21 2
11 14 2
16 19 2
23 2 2
10 12 4
4 9 2
1 4 3
15 17 3
14 17 2
17 20 4
22 2 4
6 8 3
19 21 1
21 1 1
21 23 4
4 8 3
20 22 5
21 0 4
19 21 1
5 6 2
15 18 1
10 13 2
21 0 2
3 7 2
10 13 1
18 22 3
7 10 4
20 22 4
17 20 4
12 15 3
15 19 3
13 15 3
1 4 1
21 3 5
2 6 3
7 10 1
13 17 1
9 12 4
9 13 4
7 9 2
17 21 1
3 6 3
7 10 1
14 17 3
11 14 2
7 8 4
13 17 1
8 12 1
0 3 4
0 1 5
9 13 4
11 14 3
7 10 4
9 10 2
8 12 5
17 20 3
23 1 5
14 17 5
22 23 3
1 4 1
1 5 2
13 17 1
2 6 5
7 9 2
9 11 3
0 4 3
22 1 5
23 1 5
23 3 5
17 19 3
4 6 2
21 2 1
16 19 5
14 19 1
20 22 1
10 11 1
20 22 4
6 9 5
21 2 1
1 4 3
5 8 1
4 7 5
13 16 5
19 21 2
10 14 1
6 10 2
16 19 4
19 21 3
7 9 5
16 19 1
15 19 2
19 22 3
9 14 2
22 1 4
23 2 3
11 14 5
19 22 4
15 19 3
19 0 4
10 12 4
19 22 1
13 16 4
17 19 4
15 19 5
5 6 1
13 18 2
18 21 3
11 15 4
8 9 5
22 0 1
19 22 1
2 5 2
1 4 2
5 10 1
12 17 4
22 1 2
6 9 5
9 13 1
7 10 5
6 8 1
8 12 2
20 0 3
23 2 3
6 10 3
0 4 2
9 11 2
23 3 3
9 11 2
16 18 5
10 14 3
18 20 3
17 20 2
5 7 4
4 7 1
2 6 5
22 3 1
3 5 1
23 2 4
9 11 1
0 4 2
12 13 3
7 10 3
6 8 2
1 3 1
1 3 5
1 4 5
0 2 3
19 21 4
10 12 3
7 11 1
9 12 1
10 11 1
0 4 3
12 15 2
16 19 1
22 1 5
13 15 4
2 5 4
6 9 2
8 11 2
12 16 5
11 13 5
23 2 1
13 16 4
12 15 5
0 2 5
15 18 2
5 8 4
18 21 1
23 2 1
18 21 2
6 9 2
5 8 3
2 5 5
16 18 1
7 10 2
14 17 4
22 2 3
9 10 5
17 20 4
17 20 3
18 21 3
2 5 4
14 17 2
11 14 5
6 10 4
1 4 1
16 19 1
10 13 5
8 9 1
6 9 1
0 3 4
13 16 5
10 13 5
18 22 4
16 19 2
21 1 4
8 10 5
8 10 1
6 10 4
11 14 5
10 14 1
13 16 4
14 18 5
22 23 5
19 21 1
15 19 5
10 15 1
15 18 5
14 16 3
4 8 3
11 13 5
7 10 1
19 22 3
7 10 4
8 9 2
14 15 5
20 0 1
14 18 5
2 5 1
16 20 2
12 14 1
23 2 4
9 9 2
0 2 1
19 22 1
13 15 4
20 22 4
20 0 2
10 13 3
19 19 5
3 4 5
2 5 4
20 0 2
8 9 1
19 20 1
10 14 5
18 20 4
8 10 2
6 6 5
20 23 3
7 10 2
7 10 2
4 7 5
6 10 1
1 4 1
16 19 3
3 7 1
19 23 5
