1700 6
2 17 18 13 9 14 
19 21 1
9 12 1
0 2 2
11 14 4
18 20 6
7 10 5
6 10 4
9 13 1
12 14 2
13 15 2
23 4 4
21 23 3
2 6 1
2 6 1
17 19 2
9 12 2
0 3 2
10 14 1
2 4 5
5 9 3
10 15 6
5 8 4
20 22 3
3 6 3
9 11 5
4 6 1
18 20 1
4 7 3
6 8 5
21 1 3
0 2 5
18 21 4
0 2 1
0 1 5
11 14 6
10 14 5
0 6 3
13 16 1
7 10 5
4 7 6
8 11 2
3 6 1
15 18 4
22 2 5
16 19 3
11 15 2
17 20 4
14 18 3
11 14 6
4 9 1
10 14 1
21 0 2
0 2 4
22 0 1
1 2 1
5 9 1
18 21 6
19 21 4
17 19 5
9 12 3
18 22 4
4 7 6
10 12 5
20 23 6
23 2 4
17 20 6
22 1 5
6 9 2
17 18 4
0 3 1
1 2 5
9 13 3
13 16 5
20 23 1
19 22 3
23 0 3
12 15 3
13 17 2
15 19 2
5 8 4
14 17 3
17 21 2
4 7 5
3 6 3
23 3 2
21 2 6
2 5 2
22 0 6
1 4 1
2 3 3
5 9 3
15 21 1
23 3 6
23 1 1
20 20 5
22 2 4
5 9 2
12 15 1
10 13 4
1 4 3
17 22 5
7 10 2
20 23 6
20 23 2
10 12 3
20 23 4
7 10 3
18 21 5
6 9 6
10 14 4
18 22 4
17 21 3
17 20 2
2 5 5
19 22 5
12 15 5
19 23 6
8 11 4
14 16 1
10 11 6
0 2 3
17 19 4
15 18 6
6 10 5
17 21 5
10 13 5
9 14 5
8 13 2
7 10 4
15 18 6
13 16 2
11 13 1
22 2 4
1 4 3
23 0 6
14 15 3
3 5 2
19 21 1
7 10 5
16 20 2
13 17 5
20 0 4
13 14 2
10 13 4
14 19 6
6 9 3
3 5 2
7 9 5
2 6 5
13 16 1
22 1 2
19 22 3
16 18 4
17 20 6
12 14 2
12 15 1
13 17 2
1 3 5
4 10 5
10 12 1
5 8 6
1 4 6
19 23 6
23 3 3
0 3 2
3 6 2
1 3 6
22 1 3
7 10 1
23 2 4
21 1 6
16 19 3
7 11 4
21 0 6
2 6 2
13 16 2
1 5 4
2 6 2
1 4 1
14 17 3
15 18 4
7 11 1
12 15 6
4 6 6
13 16 5
18 21 4
14 17 4
20 0 1
18 21 5
9 12 4
5 9 6
5 8 6
23 1 1
0 4 6
23 3 5
4 5 2
0 4 3
18 20 1
1 6 4
1 3 2
12 15 2
21 0 1
0 4 5
18 19 6
17 18 6
15 18 5
17 19 1
9 12 6
18 21 6
14 18 3
10 13 4
19 23 1
3 7 2
12 15 6
21 1 5
2 6 2
8 12 4
4 9 4
9 13 5
4 8 2
3 7 2
4 9 5
8 9 3
13 16 1
19 21 4
14 18 4
21 0 6
8 11 3
12 15 6
3 6 3
2 4 6
4 9 4
4 6 6
12 15 3
20 22 3
5 6 2
23 3 1
3 7 2
22 1 1
11 15 2
14 17 2
20 23 5
5 9 2
6 10 5
19 20 1
0 3 4
15 17 2
0 2 5
21 0 5
18 22 6
22 1 1
16 19 1
7 11 3
23 3 5
21 1 3
2 5 5
17 20 6
4 8 3
10 13 2
3 5 6
11 16 2
16 20 3
10 13 5
5 7 5
1 5 6
21 23 6
1 6 1
20 22 6
1 4 5
4 7 5
21 0 6
15 18 3
8 9 6
13 16 3
20 0 1
1 5 2
13 14 3
19 21 1
10 11 6
19 23 4
22 1 3
2 3 3
13 17 5
21 1 4
10 14 5
8 11 1
21 23 3
13 15 3
3 6 5
6 9 5
13 15 3
8 11 3
14 16 1
23 2 2
10 12 2
9 11 5
1 3 3
6 10 2
14 17 4
23 2 6
17 20 2
10 13 3
2 3 3
15 17 5
10 13 6
20 0 6
22 2 4
4 8 2
21 1 1
23 1 5
22 0 6
3 5 6
12 16 1
20 23 2
10 11 3
23 1 5
22 23 6
18 21 6
11 14 5
11 14 6
14 16 4
7 10 2
3 7 1
12 15 5
10 13 5
1 4 6
12 15 1
5 8 2
22 1 1
10 14 3
22 1 2
16 20 2
1 3 6
4 6 4
5 8 5
0 5 2
1 6 2
13 16 6
3 3 1
20 22 1
17 21 3
12 15 6
0 2 2
17 20 4
2 5 2
13 17 4
23 3 2
19 21 1
15 18 1
3 7 3
7 11 5
6 9 2
19 22 6
15 18 5
14 16 1
1 5 3
8 12 1
18 20 4
17 21 4
22 0 3
13 15 1
22 0 3
20 1 1
18 22 1
19 22 6
2 5 4
17 20 6
4 8 6
16 19 2
17 20 3
3 7 1
23 1 1
8 11 4
14 17 6
5 8 3
8 10 4
11 14 5
17 22 6
17 19 2
11 15 3
2 6 6
12 15 6
13 15 4
0 2 1
5 7 2
6 8 2
23 2 4
1 3 5
11 14 6
11 12 1
7 10 1
11 14 3
12 15 4
16 17 2
10 12 1
12 15 5
8 11 3
5 7 3
1 4 4
4 6 5
23 1 1
7 11 1
2 4 6
5 8 1
17 21 4
18 23 2
11 13 3
13 16 1
18 21 3
20 23 2
7 9 6
5 8 2
6 10 6
18 21 1
18 20 3
16 20 4
21 1 5
5 8 5
22 1 1
14 16 5
8 11 1
6 9 1
12 15 4
13 15 5
3 6 5
11 15 5
2 6 5
10 13 6
4 7 3
5 9 1
23 1 1
4 7 3
9 13 4
7 9 4
23 2 3
17 19 3
14 17 5
20 0 2
20 23 5
0 4 3
2 5 6
21 0 1
21 23 1
4 7 4
14 18 6
12 16 6
15 18 4
16 19 5
3 7 5
10 14 4
1 5 5
6 8 1
10 11 3
6 9 4
16 19 5
1 4 2
13 16 5
9 13 5
20 0 1
12 14 6
0 2 6
16 18 4
16 20 1
3 5 3
19 22 3
4 7 4
6 10 5
1 2 2
1 4 5
7 9 4
16 17 4
21 2 2
20 23 6
12 16 4
15 18 5
4 8 6
6 10 2
6 9 6
16 19 2
19 22 6
14 16 4
5 8 5
21 23 5
13 18 1
4 7 2
12 15 4
9 12 3
18 22 6
23 3 1
5 8 6
4 7 6
12 14 4
10 13 1
9 11 4
17 19 2
0 2 2
4 7 2
0 4 1
18 20 6
3 7 4
16 19 2
16 19 4
17 21 4
9 11 4
2 6 3
23 1 2
17 19 6
14 16 3
7 10 6
6 8 1
13 16 3
13 14 6
10 13 1
11 13 4
0 5 2
13 14 1
12 15 4
9 14 4
8 11 6
5 8 1
1 5 6
20 0 5
20 23 5
5 8 3
22 0 5
22 1 2
16 18 5
4 8 5
21 23 6
12 13 5
11 12 5
17 19 5
5 7 1
6 10 2
23 2 4
16 20 1
10 13 1
4 7 6
6 9 6
10 12 2
3 6 1
3 7 6
16 18 3
21 1 4
5 7 5
9 13 3
14 17 5
20 22 2
23 3 5
17 20 4
17 20 3
15 19 1
15 19 5
7 9 2
15 17 5
0 2 1
21 21 6
23 1 6
19 21 6
3 6 3
1 3 3
5 9 2
19 20 5
11 13 6
17 20 1
20 23 1
13 15 3
20 21 5
20 1 5
8 10 5
15 16 2
13 15 4
18 22 3
9 12 6
2 5 3
3 5 3
8 12 3
23 1 5
22 1 3
4 9 3
1 4 5
21 23 1
17 19 1
1 4 2
15 18 5
17 20 1
20 0 1
17 20 3
7 9 4
6 9 6
4 5 2
4 7 3
21 1 1
4 8 3
23 2 5
13 17 6
0 3 6
10 11 4
5 8 2
1 3 6
22 2 1
20 0 5
1 5 4
4 9 1
0 2 1
8 11 2
0 4 2
15 19 4
20 23 1
20 0 2
2 5 2
2 5 2
16 17 2
17 21 2
15 19 6
20 23 4
20 23 3
17 19 6
18 21 6
10 14 5
20 23 1
4 7 6
21 0 1
22 1 4
19 21 2
16 19 5
6 9 2
18 21 6
19 23 1
2 5 3
1 5 6
8 10 1
17 21 5
10 13 5
7 10 2
9 11 4
19 22 5
15 19 5
17 20 2
23 1 3
13 17 3
16 19 1
19 23 6
21 1 5
6 10 6
11 15 1
6 10 4
13 16 5
21 2 2
5 9 5
14 17 1
5 9 4
14 16 4
13 16 5
13 17 1
17 19 5
7 11 6
8 12 3
21 23 2
12 14 5
1 3 6
19 0 3
3 7 5
4 6 3
0 3 3
9 12 4
7 10 3
13 15 1
23 2 5
9 11 3
17 20 1
11 13 5
15 18 2
17 20 3
8 12 4
6 10 6
11 14 1
9 11 2
18 20 5
4 7 1
6 9 1
10 15 3
0 3 1
2 4 3
16 19 4
21 0 3
5 8 4
1 4 4
5 8 5
20 22 6
18 22 6
9 11 1
1 5 5
9 11 5
22 4 2
2 6 2
18 21 3
3 5 6
3 6 3
3 6 6
5 9 5
14 16 5
4 9 6
20 23 2
15 18 1
17 22 3
23 3 1
22 0 1
16 19 4
2 5 3
3 6 3
3 6 4
10 13 2
3 6 6
3 7 1
7 10 1
12 15 5
14 19 6
2 5 4
14 18 6
20 2 1
6 10 6
10 12 4
19 22 3
20 0 5
12 15 2
5 6 4
12 16 6
17 21 1
11 14 5
5 9 6
4 8 4
20 23 1
8 10 2
12 13 5
8 10 4
10 14 3
19 23 6
4 6 4
6 8 2
8 10 2
23 4 4
8 10 6
17 18 2
8 11 4
19 22 5
7 9 4
4 7 2
12 16 6
5 8 6
1 5 6
9 12 5
15 18 4
9 10 5
4 6 4
16 20 4
6 9 5
15 18 6
12 15 1
16 18 6
5 8 1
15 17 3
4 7 5
17 19 5
20 23 5
15 19 2
9 11 2
6 10 4
23 4 6
0 4 4
9 11 3
7 11 1
19 23 2
15 18 2
12 15 4
12 15 5
2 7 5
19 20 4
17 21 2
12 16 3
9 13 6
0 2 4
3 5 3
15 20 2
17 20 6
20 0 4
20 23 3
16 19 1
18 22 3
14 17 5
15 20 2
18 19 2
16 19 2
5 8 6
1 2 1
22 1 4
18 21 1
3 6 5
0 4 4
21 2 3
22 1 1
10 13 5
3 6 5
1 4 1
23 2 3
19 22 5
7 9 2
22 2 4
16 21 6
1 4 4
8 11 6
3 7 6
18 22 4
14 17 4
14 16 4
13 16 3
8 9 5
16 21 4
21 0 5
4 9 2
20 2 5
8 11 5
8 12 4
11 13 3
6 11 5
8 10 5
18 23 6
18 20 5
6 9 4
0 2 6
18 20 6
8 9 1
13 17 6
23 1 1
0 3 6
3 4 5
23 1 5
2 6 2
2 6 6
11 14 2
12 17 5
2 7 1
18 22 3
2 6 6
17 20 1
7 9 5
20 22 5
21 23 6
6 7 3
14 15 1
14 18 2
5 8 6
4 8 3
12 15 6
4 7 4
4 6 6
2 5 6
2 6 3
5 9 3
10 12 3
23 2 3
23 2 2
11 13 6
1 4 5
12 17 1
7 12 2
23 23 4
1 3 2
1 5 4
10 14 4
12 13 2
2 5 2
18 20 2
13 16 2
0 4 1
10 11 4
22 2 1
4 8 1
19 22 5
22 3 6
7 10 4
13 16 3
7 9 5
15 19 2
18 21 2
16 19 5
21 23 1
1 5 3
3 5 3
15 17 5
22 0 5
13 15 6
2 5 3
16 19 4
14 17 1
13 15 6
5 7 3
16 18 6
14 16 2
6 9 3
13 16 2
14 18 4
4 7 2
1 2 1
12 14 1
9 14 3
6 9 6
22 0 2
5 8 6
6 10 6
13 17 6
12 16 4
5 8 4
0 2 6
4 9 2
16 20 3
12 14 5
2 6 3
2 3 6
22 1 1
20 0 2
11 15 4
1 4 6
7 14 3
23 2 3
10 15 6
17 21 3
6 9 1
15 16 2
2 4 4
10 12 5
22 1 4
2 4 5
2 7 5
16 20 4
22 1 3
19 22 6
0 3 5
21 0 4
11 12 2
4 6 2
0 3 4
2 6 4
3 6 5
21 0 1
13 17 4
5 8 3
1 4 6
19 20 3
0 2 6
13 16 5
15 18 3
7 10 3
0 3 2
22 1 4
7 10 2
9 11 4
4 7 5
9 11 6
7 10 4
9 13 6
1 6 2
14 18 6
18 21 6
0 5 4
0 2 1
15 17 1
12 15 4
17 20 3
1 6 3
8 11 4
7 8 1
14 17 4
17 20 6
22 0 4
11 15 4
22 2 5
9 11 6
18 22 4
4 7 6
11 15 3
4 7 2
12 17 2
17 18 4
10 12 2
18 20 5
8 12 6
23 2 6
19 21 5
14 17 6
9 12 6
12 16 5
16 19 1
18 22 3
1 4 6
23 0 1
11 14 5
22 3 1
0 3 6
0 2 1
7 9 4
16 20 3
13 17 4
22 1 2
3 5 5
9 11 5
14 18 5
16 18 4
6 9 5
7 7 1
14 19 4
4 7 1
10 13 4
9 11 6
11 13 5
3 6 3
6 10 3
4 7 3
10 12 5
18 21 2
17 20 1
10 13 3
0 4 5
12 13 1
11 13 5
10 13 4
0 3 3
6 9 4
9 13 5
15 19 5
13 16 3
12 15 4
23 3 6
11 13 5
9 13 6
9 12 5
0 3 2
8 10 1
16 20 4
2 5 2
1 3 4
15 16 6
10 11 2
3 7 3
9 12 3
7 10 1
17 20 4
6 10 4
12 16 3
18 21 1
7 11 4
15 18 4
14 17 4
12 16 1
9 10 3
12 14 1
4 7 1
0 4 1
19 22 6
18 20 6
23 1 2
19 22 1
8 13 1
13 17 2
1 4 3
18 22 1
0 2 3
21 0 2
0 5 2
17 18 1
17 20 1
8 11 2
19 21 5
12 14 6
4 8 2
5 8 5
11 15 2
18 21 3
18 21 1
4 8 3
19 22 2
0 2 5
0 3 5
17 20 1
2 3 2
1 4 4
10 14 3
23 2 4
6 9 1
10 12 5
4 7 5
10 14 1
2 7 2
5 7 6
9 13 1
9 12 1
12 15 5
2 6 4
0 2 3
16 17 1
11 15 2
3 7 4
4 7 5
19 22 4
20 23 2
3 7 5
1 3 1
12 15 4
1 1 1
9 12 1
21 1 6
9 14 6
5 9 2
1 6 5
7 10 1
18 21 6
5 8 1
14 17 2
3 6 2
23 1 5
17 20 2
4 9 6
20 22 3
7 12 5
20 1 3
0 2 2
21 1 2
1 4 1
12 15 3
8 11 5
21 0 4
10 13 2
22 1 6
7 12 3
21 0 2
10 14 3
10 12 6
7 9 2
17 20 3
0 1 2
19 22 6
20 22 1
11 14 5
0 3 6
9 13 3
6 9 4
1 2 3
19 22 3
11 12 2
4 7 3
9 12 1
10 12 3
17 21 6
6 9 6
11 14 4
13 16 6
21 1 3
3 6 4
13 17 4
0 0 3
17 20 4
8 12 2
10 13 2
3 6 6
0 3 6
7 10 3
20 22 3
4 6 5
2 6 6
10 13 4
19 21 2
11 13 1
7 8 1
23 2 4
7 9 5
2 3 2
19 21 1
19 23 5
5 6 6
7 11 6
18 21 5
10 14 3
12 16 3
15 19 3
10 12 5
16 17 6
22 2 5
6 9 6
10 13 4
6 9 4
22 2 2
20 22 6
9 14 4
23 3 3
6 9 3
12 15 6
0 4 6
4 6 1
4 6 3
6 8 3
5 7 2
6 10 6
2 6 1
1 5 5
13 15 4
20 22 5
14 18 4
2 5 3
1 5 5
19 22 5
8 11 2
4 7 3
0 2 3
18 23 4
17 21 4
3 8 3
18 21 4
18 20 6
0 1 5
0 4 6
9 11 1
19 22 1
23 2 1
6 9 4
8 12 3
15 18 2
18 20 3
17 20 2
5 8 6
15 18 4
6 8 6
7 11 6
16 17 4
12 17 4
17 20 4
4 5 4
11 13 1
12 14 2
13 16 1
23 2 2
18 22 3
19 23 2
0 1 4
0 0 3
3 5 3
10 13 6
7 10 6
14 18 6
9 12 3
18 20 1
19 0 6
17 20 2
18 22 2
4 6 5
2 6 4
23 2 2
14 17 2
1 5 1
15 19 6
15 16 6
6 9 6
4 8 4
20 0 5
2 6 3
19 22 2
11 14 3
7 12 3
8 12 5
5 10 6
19 21 1
10 13 6
21 0 5
14 17 1
3 7 2
17 18 1
8 12 1
8 12 2
7 9 3
10 12 6
12 15 4
22 0 4
4 5 6
16 20 3
13 16 4
19 23 4
4 7 4
7 10 5
21 0 1
20 22 5
20 0 5
18 20 1
18 19 5
0 5 2
11 15 1
1 4 3
9 13 3
21 1 4
11 16 3
15 19 5
11 16 6
11 14 3
3 5 1
23 2 3
18 22 5
4 8 1
5 8 6
15 17 1
0 3 6
21 3 4
20 0 2
15 16 1
17 20 6
3 5 6
22 1 6
2 6 2
18 22 1
13 15 5
22 0 3
19 22 5
4 7 4
18 20 5
6 10 4
17 21 5
16 19 4
0 3 6
2 7 6
9 13 6
23 0 2
0 4 3
4 7 2
6 7 5
21 0 1
9 12 6
8 10 6
4 7 5
0 4 1
1 5 2
1 4 2
13 17 6
20 23 6
8 13 1
11 16 2
18 20 3
18 21 2
23 2 3
13 18 1
15 18 6
21 0 1
5 7 5
8 10 3
23 3 6
21 23 2
16 18 2
16 21 3
22 2 4
21 1 6
13 18 5
3 7 4
1 3 4
6 8 1
22 0 3
6 8 3
20 23 2
23 0 5
22 2 4
3 6 4
3 6 1
5 9 5
10 12 2
0 3 2
15 16 2
20 23 4
13 19 1
7 9 6
17 21 4
8 12 1
9 10 3
19 22 2
7 10 3
12 15 4
18 22 4
14 17 4
11 13 6
16 19 3
3 7 3
21 0 4
2 6 4
3 6 5
13 16 2
10 13 1
9 11 2
5 6 6
17 19 1
0 3 1
4 7 1
23 2 5
23 3 3
20 23 6
17 20 6
6 9 5
19 23 1
10 14 4
17 20 2
0 3 3
4 8 3
15 17 5
20 23 2
21 23 6
20 22 1
17 20 3
8 10 6
15 19 2
9 11 6
17 19 2
14 17 2
17 19 3
22 2 4
13 15 4
12 15 6
1 5 2
6 7 6
17 17 3
22 1 2
1 4 1
2 4 2
16 17 2
12 15 1
16 19 1
1 4 2
9 12 4
14 15 2
11 13 1
23 1 3
17 22 6
2 4 1
3 8 6
23 1 2
0 3 4
18 20 4
2 4 6
8 11 1
11 14 2
19 22 1
21 0 3
13 16 4
13 18 5
4 7 3
20 0 3
18 22 6
1 4 2
16 20 2
21 0 6
9 11 1
7 11 1
5 8 4
19 20 3
10 15 6
21 0 2
6 9 2
11 14 3
3 6 4
5 7 3
23 3 5
6 10 3
3 5 1
18 21 2
15 17 1
18 20 3
12 15 1
11 14 3
14 15 4
0 4 4
13 17 5
23 2 3
15 18 5
11 13 1
1 4 5
22 1 4
4 8 2
12 14 4
7 8 2
17 19 3
0 3 1
6 8 4
16 19 5
9 12 3
3 3 2
4 9 1
0 3 4
2 6 5
7 10 2
21 23 3
17 21 1
1 3 1
3 7 4
22 0 3
2 5 6
10 12 4
5 9 5
1 3 2
11 13 5
3 8 1
16 19 1
17 18 6
0 3 3
4 8 1
12 14 5
12 15 4
14 17 4
8 11 3
9 13 3
12 16 3
1 6 1
2 3 5
2 6 2
19 23 4
18 21 6
8 11 3
16 19 5
11 15 3
7 11 1
4 6 1
3 7 1
20 0 2
5 8 4
10 14 3
12 15 2
16 20 2
2 5 2
2 5 5
16 19 6
7 10 6
2 6 1
11 14 4
15 17 1
17 20 3
23 1 3
1 5 1
23 3 2
21 1 1
23 1 4
9 12 2
7 9 3
15 18 1
6 8 5
6 9 3
8 11 6
10 11 5
1 5 3
19 23 3
3 7 1
0 3 5
10 12 4
13 16 2
16 20 3
23 3 2
21 23 4
12 16 5
9 12 5
13 15 1
23 1 6
7 9 2
18 21 6
6 11 1
7 10 2
10 14 2
14 18 5
18 22 5
18 23 1
15 17 3
1 2 5
3 4 1
6 7 4
22 0 1
21 0 3
16 18 6
7 11 1
16 18 5
0 4 3
16 19 6
5 9 2
0 4 2
3 5 5
22 1 1
7 11 6
8 11 1
16 20 3
20 23 3
18 21 3
8 12 1
11 13 4
0 3 1
18 19 4
3 5 6
9 13 3
9 11 4
16 18 6
7 11 6
1 5 5
19 22 5
4 9 6
16 19 2
20 23 6
23 2 2
5 9 3
5 8 4
12 14 6
3 3 3
7 10 3
0 3 3
1 4 6
11 13 3
16 19 3
15 18 3
23 2 4
15 18 1
13 16 5
11 16 3
9 12 2
12 14 4
10 14 3
7 9 2
22 23 2
21 0 4
23 3 3
15 20 4
14 14 6
21 0 2
10 14 3
7 9 2
15 20 3
12 15 4
6 9 5
8 12 6
11 15 6
23 4 5
9 12 5
20 23 3
12 13 5
8 11 3
1 4 1
9 13 4
22 22 4
8 11 6
2 6 6
21 23 6
5 8 3
20 1 3
11 15 3
17 19 3
0 4 5
2 5 1
11 14 6
17 19 1
4 8 5
4 7 1
22 0 4
7 10 5
5 8 6
11 13 5
8 11 6
7 12 1
12 15 2
5 8 3
11 12 3
5 8 1
20 23 6
10 13 4
10 13 4
2 6 3
12 13 3
16 20 4
15 17 4
16 21 5
10 15 6
20 0 6
6 11 5
2 8 6
16 20 6
21 0 1
19 21 5
23 3 5
1 5 6
7 11 3
19 23 1
7 10 2
2 5 1
5 9 4
17 21 6
2 6 5
21 1 1
5 8 2
8 9 6
3 6 4
20 22 3
18 22 2
10 14 1
8 12 6
15 18 3
12 18 4
