1100 6
22 6 8 9 8 14 
8 12 1
2 4 6
23 3 1
10 11 5
19 23 3
16 20 4
13 16 6
23 2 3
1 3 1
22 2 4
10 13 2
12 14 1
20 22 6
22 23 6
19 22 5
8 10 1
14 18 6
21 0 5
12 15 4
0 3 3
15 20 1
18 22 3
12 15 2
4 8 1
16 21 4
3 4 5
5 7 4
4 9 2
13 17 6
22 2 2
6 11 1
21 23 2
18 21 2
20 23 2
3 7 2
22 1 1
3 6 4
12 16 6
0 3 2
17 19 2
9 12 3
2 7 1
13 18 3
11 14 2
14 15 1
17 20 3
4 6 1
15 19 3
11 15 1
5 7 5
14 15 2
16 20 1
11 12 4
15 18 2
13 17 1
4 6 6
13 16 5
6 7 6
0 3 5
0 2 4
4 8 1
13 16 6
16 20 4
23 2 4
18 20 5
13 16 1
2 5 2
9 14 2
5 7 6
9 11 3
11 14 3
15 19 5
15 18 3
18 22 4
13 15 3
22 1 1
1 5 4
18 21 4
4 8 2
4 8 3
15 18 5
21 23 1
10 14 5
17 21 5
8 11 2
10 13 5
20 1 4
11 13 2
4 8 1
12 15 1
12 14 5
22 0 2
7 9 3
9 13 2
16 20 6
7 10 5
12 16 6
13 15 1
9 12 4
22 2 2
7 12 1
10 13 2
0 2 6
9 10 3
15 17 6
9 13 1
2 4 2
22 0 4
3 5 3
15 18 3
2 4 2
2 3 1
16 19 5
0 4 1
2 5 4
19 21 1
13 16 3
1 4 4
4 7 2
10 14 3
6 9 4
23 3 3
17 19 3
13 17 3
13 16 4
20 1 4
5 9 6
17 21 2
13 17 4
13 17 4
15 20 6
14 19 6
18 22 2
13 16 6
10 13 6
6 9 1
16 19 3
10 12 2
16 19 6
15 18 3
23 3 5
6 10 2
10 14 4
4 7 5
22 2 3
4 4 6
17 22 4
12 14 6
17 22 6
19 20 6
3 6 4
23 4 1
11 12 3
14 16 3
3 6 4
19 22 4
4 6 5
5 8 6
14 18 4
11 15 4
1 3 5
18 20 6
4 7 1
2 6 5
20 19 6
5 9 1
3 5 4
11 13 3
11 14 1
22 0 2
6 8 4
12 15 3
20 23 1
21 23 4
16 19 2
22 2 6
21 0 1
2 6 1
14 17 6
22 2 6
15 18 1
23 2 4
18 22 5
22 1 3
2 4 2
18 21 5
14 17 2
15 18 2
22 3 1
16 19 4
11 15 6
11 14 3
1 6 1
9 12 3
14 19 4
18 23 2
6 9 5
22 2 6
6 10 6
3 5 2
13 14 5
16 20 1
13 16 1
20 20 6
19 23 6
4 8 4
12 15 2
9 10 5
23 2 2
21 1 1
14 15 1
5 9 4
13 17 3
6 9 4
7 11 5
3 6 6
23 2 2
16 21 4
16 18 1
23 2 4
23 1 3
22 2 4
22 2 2
15 19 2
21 0 1
23 2 6
21 2 6
16 21 4
2 5 3
10 12 3
17 20 4
6 10 5
22 2 3
9 12 2
3 7 3
6 9 6
0 3 4
10 14 2
7 8 1
4 6 2
21 0 6
17 20 3
18 23 6
23 1 4
10 13 6
2 5 6
14 17 2
3 7 2
2 4 1
13 17 4
22 0 4
10 14 1
1 4 4
17 19 4
12 16 1
15 19 2
10 12 6
17 19 3
20 0 6
0 4 6
8 10 2
19 21 3
23 1 3
10 13 3
22 1 6
6 11 2
6 7 6
15 18 2
8 11 5
19 23 2
13 16 1
15 19 3
15 17 3
22 0 1
23 4 2
7 12 5
21 0 2
3 7 4
10 12 3
7 10 4
1 5 1
0 3 3
8 12 6
0 2 4
3 6 6
9 11 6
13 15 4
16 20 1
11 13 4
21 0 3
0 2 5
17 21 5
10 13 3
3 6 1
19 22 4
8 9 2
2 5 6
4 7 5
15 19 2
16 19 6
1 4 5
1 3 4
0 5 6
0 2 3
23 2 6
9 11 6
0 3 5
16 19 3
15 18 1
12 13 1
10 13 6
13 16 6
21 23 6
11 15 4
4 7 5
22 0 5
2 5 2
0 1 4
6 8 3
16 20 2
11 13 1
12 15 6
4 10 4
8 10 6
20 1 1
11 15 3
3 7 3
5 8 1
17 22 4
9 11 2
14 16 3
11 14 2
9 12 3
19 22 3
12 12 5
6 9 4
4 8 2
0 2 1
1 5 1
19 21 2
19 23 2
14 15 2
18 22 1
9 11 6
11 14 6
13 15 3
2 6 5
18 21 1
4 5 3
3 6 5
3 6 3
16 19 5
18 22 3
5 8 4
8 11 2
16 20 6
7 12 5
21 0 3
9 13 3
23 1 4
9 12 3
4 8 1
20 0 2
14 16 4
17 22 1
23 2 2
7 9 2
19 22 2
23 1 3
10 14 4
16 19 2
15 18 5
20 23 3
7 9 6
17 20 4
1 6 1
8 10 2
7 7 1
3 6 1
2 3 5
1 5 1
11 13 5
10 13 5
23 2 6
5 9 4
0 4 4
8 14 3
22 1 4
6 8 6
14 18 2
3 5 2
8 10 1
5 7 6
3 6 2
1 5 6
20 22 2
7 11 1
17 19 1
7 8 1
14 17 4
15 18 2
21 21 2
6 11 5
13 16 2
14 18 2
2 7 3
11 14 3
4 6 6
2 6 2
17 20 5
21 1 4
22 1 1
21 1 6
14 18 5
13 17 4
3 6 6
10 14 5
18 21 2
17 20 6
6 10 4
11 14 3
18 21 4
19 21 4
7 11 2
23 2 3
5 10 6
15 18 2
21 1 2
8 12 2
0 3 5
2 6 1
6 10 1
21 0 5
16 20 2
23 0 3
10 14 4
20 22 4
20 22 5
18 22 6
21 0 5
1 3 2
15 18 6
8 11 3
11 15 3
7 12 6
20 0 4
23 4 3
20 23 4
20 23 2
4 6 5
9 13 4
9 12 5
5 7 5
12 14 4
17 20 3
10 13 6
8 11 3
2 5 2
5 8 6
6 11 1
14 16 2
21 1 1
8 12 6
22 1 5
14 16 4
14 16 4
0 4 3
6 8 1
22 1 6
17 20 4
22 1 4
22 1 2
13 16 2
18 21 5
0 4 6
1 3 3
19 23 1
1 4 1
19 0 3
0 2 4
14 15 2
14 16 4
9 12 5
1 4 1
9 13 2
20 22 2
0 2 6
9 12 3
9 14 5
17 21 1
20 23 6
11 15 1
10 12 5
11 13 5
7 10 1
12 15 6
0 3 4
7 10 6
14 17 1
5 9 6
8 10 2
10 14 5
5 7 5
7 10 2
6 12 5
17 21 1
19 23 3
4 7 3
14 17 3
7 9 4
21 0 1
14 17 6
0 4 3
22 1 1
12 15 5
1 4 3
8 10 4
19 22 2
18 21 5
22 2 2
13 17 2
21 0 4
16 18 6
23 3 4
14 15 1
12 13 3
22 1 6
12 14 5
22 1 3
7 11 4
11 14 4
21 1 4
3 7 5
22 2 5
19 22 6
4 5 4
1 4 3
0 3 4
14 16 6
2 5 3
8 10 6
7 8 5
14 17 3
19 22 2
4 9 2
7 10 6
11 14 1
8 11 4
8 10 1
17 20 2
21 23 3
19 22 5
4 8 6
17 21 3
14 18 6
19 21 3
4 8 2
13 15 2
10 12 6
3 6 5
15 20 1
3 6 2
21 0 1
4 7 2
15 20 5
8 10 4
13 15 2
2 5 1
16 17 5
13 15 6
20 0 2
23 2 5
10 15 3
20 23 2
9 11 6
4 6 6
6 10 6
11 14 3
12 14 5
8 12 5
5 9 4
17 20 3
14 17 3
15 19 3
11 13 2
21 0 2
23 3 4
11 15 4
16 20 3
22 2 2
13 17 3
16 19 4
5 10 1
7 11 6
19 21 2
7 9 1
9 13 5
7 10 4
13 16 4
1 4 6
21 23 5
20 0 3
2 5 3
6 10 3
19 21 4
18 19 3
6 9 3
14 17 5
22 0 5
13 15 5
17 18 2
11 14 5
21 23 5
19 0 1
14 16 3
5 6 6
8 11 2
14 16 5
2 4 2
13 16 2
17 19 2
10 13 1
8 11 5
17 20 6
23 2 3
5 7 3
23 2 3
22 0 4
17 20 2
20 21 3
4 6 1
22 1 2
3 6 5
10 12 1
8 10 4
18 21 2
19 22 3
9 11 1
8 12 5
6 11 2
21 23 2
6 7 6
16 18 1
13 16 5
18 19 6
12 16 4
6 9 1
23 2 3
18 23 4
20 23 1
8 10 5
9 12 4
4 7 6
1 3 3
2 7 2
19 22 3
13 16 4
11 13 1
21 0 4
4 5 4
17 21 1
3 5 2
18 22 4
20 22 6
14 17 2
1 4 1
1 4 4
5 7 6
2 4 5
6 10 2
13 16 5
0 3 4
4 7 2
13 16 1
22 1 2
5 8 5
18 20 2
7 11 6
15 19 3
8 12 1
14 17 2
1 3 2
16 19 1
3 6 3
6 9 2
15 17 4
7 10 2
14 17 6
12 15 2
4 6 2
6 8 4
21 23 1
18 20 3
7 10 2
6 8 5
10 13 1
16 21 2
2 4 3
1 3 3
12 17 1
12 17 5
5 12 2
17 21 2
20 23 4
18 22 2
5 8 3
20 22 4
4 8 1
6 9 4
18 23 5
14 18 5
12 17 2
21 1 3
9 11 3
10 13 5
10 14 1
12 16 6
23 0 3
2 4 1
0 1 4
4 8 4
3 6 3
0 4 4
5 7 5
4 9 2
15 18 1
2 4 6
6 9 2
7 10 1
0 4 1
8 11 6
3 7 1
8 12 1
22 2 1
8 11 1
14 18 1
4 8 3
12 14 6
4 5 2
5 8 3
1 6 1
18 18 2
3 7 4
22 3 1
19 20 1
22 3 5
22 2 1
13 16 3
16 19 1
3 4 6
10 13 6
20 23 1
12 14 4
12 14 2
5 9 4
8 12 4
6 9 4
11 13 6
21 23 1
22 2 5
18 20 6
8 11 2
6 8 5
13 15 6
13 17 4
6 10 4
10 14 6
16 21 3
13 16 4
6 9 3
21 1 3
4 7 6
13 16 1
18 20 2
4 9 1
21 1 6
23 1 1
10 13 2
12 14 4
3 6 5
10 12 3
2 7 5
20 23 2
4 7 2
7 10 2
8 11 6
10 13 1
23 2 2
6 9 5
7 9 1
14 17 1
9 13 6
17 21 2
12 15 6
21 0 4
11 14 4
1 5 2
0 4 2
5 8 5
7 9 1
5 9 2
5 7 3
0 2 6
5 7 2
14 17 4
4 6 6
19 23 6
7 11 6
0 3 5
16 19 5
7 9 4
21 1 2
18 22 5
0 3 3
0 3 4
7 11 2
13 17 4
17 20 5
1 2 1
7 11 1
1 5 1
5 7 1
3 5 4
4 7 2
11 16 4
19 23 2
21 1 5
14 17 4
20 23 3
22 0 1
5 7 5
19 23 2
3 5 1
17 20 5
9 13 6
2 4 2
20 22 5
0 3 4
0 3 6
8 11 1
17 19 1
6 8 2
5 8 4
15 18 1
15 19 1
11 14 2
3 6 6
16 19 4
15 19 6
8 10 2
9 12 2
17 21 6
4 6 5
15 19 2
3 7 5
21 23 3
8 9 5
3 5 5
20 0 1
14 19 1
21 23 2
14 18 6
9 11 6
2 4 5
2 5 1
19 0 3
4 6 5
21 23 3
1 3 1
18 21 5
18 22 6
0 2 1
9 11 5
10 13 3
11 14 6
2 3 6
16 20 1
10 15 2
5 7 4
16 19 4
0 3 4
18 22 6
1 5 2
21 2 4
23 2 3
21 0 3
22 2 2
16 20 4
0 1 3
14 18 6
0 3 3
11 13 3
11 14 5
1 5 6
1 4 2
19 0 1
11 14 1
8 13 5
20 0 2
23 2 2
16 19 5
13 17 6
23 2 4
17 19 5
19 22 2
16 20 6
22 22 4
4 7 1
14 18 5
5 8 2
13 14 1
17 22 2
0 5 2
4 6 6
0 3 3
7 9 4
15 18 5
1 3 1
6 8 2
22 0 3
16 18 6
19 23 2
3 6 4
15 19 2
18 21 3
3 6 3
17 20 4
17 20 6
16 19 1
13 16 3
11 15 2
17 20 4
4 7 4
13 15 2
17 20 6
14 17 3
0 2 2
21 1 5
1 5 4
1 3 5
14 17 2
7 10 4
13 15 1
6 10 4
20 0 4
2 4 1
16 20 1
11 12 2
14 16 4
6 8 4
7 9 3
16 19 3
18 22 3
17 23 4
19 22 5
14 18 1
4 7 6
15 19 1
0 3 1
23 0 2
21 0 4
7 11 5
18 22 4
18 21 3
15 19 2
10 13 5
17 19 5
23 3 2
12 14 1
19 23 1
9 11 6
0 3 2
21 23 2
0 3 4
5 7 4
5 7 6
13 16 3
14 17 3
14 18 2
0 3 1
18 22 1
15 19 4
17 20 1
12 13 6
7 10 1
18 23 3
7 10 4
2 6 2
7 11 3
23 3 6
19 22 6
1 6 3
10 13 6
9 11 1
21 2 3
17 19 2
3 5 6
6 9 2
21 1 4
23 0 4
0 3 3
17 18 4
13 17 6
12 14 1
8 11 4
6 10 5
12 16 3
5 7 4
0 2 3
19 22 2
4 8 6
15 15 4
4 8 5
19 23 1
22 0 1
9 11 2
3 7 5
10 13 6
21 0 3
2 5 6
12 15 3
0 4 4
12 16 4
0 3 3
13 16 4
14 18 4
5 8 6
0 3 6
22 2 3
21 23 6
18 21 5
23 1 1
5 8 5
8 10 5
5 7 6
3 5 5
19 1 5
4 6 1
11 15 1
4 8 2
1 4 6
23 3 6
19 22 1
23 1 3
20 22 1
17 20 2
4 6 4
9 13 1
14 17 2
18 21 2
14 17 6
13 16 3
1 5 2
9 11 4
22 2 4
12 15 6
13 16 2
10 14 3
7 11 5
23 1 5
12 14 3
8 12 3
11 13 4
3 7 5
21 1 1
0 3 5
15 18 1
18 21 6
8 13 6
11 12 5
0 3 4
22 1 4
21 0 1
23 1 2
15 20 5
18 21 2
19 21 6
19 21 6
2 7 5
5 6 2
23 2 2
0 4 2
2 5 1
10 13 1
12 14 3
19 23 3
1 3 1
4 9 6
4 7 6
3 6 5
19 22 2
7 9 5
9 12 6
22 23 5
21 23 4
8 11 2
14 17 2
8 10 4
20 23 2
7 11 1
