1200 6
4 17 21 9 19 16 
19 21 4
21 0 1
17 19 4
20 23 6
10 13 3
2 5 4
16 20 1
21 2 1
6 8 2
17 20 6
9 11 5
19 22 1
10 11 2
15 20 3
5 9 4
0 2 1
19 22 5
15 19 1
11 15 5
11 13 6
6 10 2
23 2 4
18 21 4
14 17 2
12 15 6
15 18 2
21 0 6
12 13 5
2 6 4
15 17 5
18 20 2
8 10 1
20 23 2
2 6 2
18 20 3
9 13 4
23 3 5
13 17 6
12 16 4
22 0 5
8 12 1
4 7 3
7 13 2
15 19 5
17 19 1
23 3 5
3 6 4
7 10 2
15 18 3
20 22 5
15 19 1
11 12 3
21 0 2
4 7 4
13 16 4
14 17 3
3 6 1
2 5 4
12 15 4
20 0 1
21 0 1
13 14 3
17 21 3
10 14 5
17 20 1
4 8 4
10 12 6
17 19 4
5 9 5
21 23 6
8 10 2
3 7 3
6 9 2
23 0 3
19 22 2
5 9 2
2 5 3
21 22 4
13 18 1
9 11 3
18 20 5
14 15 4
1 5 2
17 21 1
7 10 6
9 12 5
20 23 6
18 21 4
20 22 3
17 21 1
12 14 3
8 11 3
22 0 4
23 3 1
9 11 4
13 15 6
11 16 5
17 21 4
8 10 6
18 22 6
13 15 4
12 15 4
12 16 3
10 13 1
1 4 3
7 10 4
8 13 6
9 11 2
17 19 3
2 5 5
19 23 5
1 5 6
10 12 4
3 6 6
19 22 6
14 16 6
19 22 2
5 8 1
23 3 1
21 0 5
2 5 3
20 22 2
9 12 1
12 14 3
19 21 2
22 2 2
13 17 2
2 3 3
23 2 1
10 13 6
8 12 2
22 0 1
3 3 3
18 22 6
21 0 5
14 19 1
17 21 6
17 20 2
5 9 2
19 19 6
12 15 2
18 21 5
13 16 2
20 1 2
20 22 3
1 4 4
15 18 4
6 8 4
21 0 1
11 13 2
5 7 1
3 6 6
12 15 1
15 18 1
5 8 6
1 5 6
12 14 6
4 6 2
9 10 6
8 12 1
11 15 1
5 7 5
12 15 3
14 19 1
10 14 6
9 11 2
14 16 4
13 14 6
2 6 4
19 22 3
10 13 6
23 3 2
7 8 4
21 0 3
18 20 5
12 15 3
22 1 3
0 3 3
19 23 6
11 13 4
2 5 5
22 0 1
10 13 4
2 5 2
16 18 6
6 8 2
2 5 2
16 21 4
14 17 4
6 10 1
9 12 4
17 20 5
11 14 6
2 5 4
19 23 1
14 17 6
19 22 2
6 11 3
6 9 3
16 19 6
9 11 1
11 14 2
10 13 3
6 8 5
1 4 4
22 0 4
19 22 5
23 2 5
21 0 4
14 17 3
12 14 6
14 17 3
20 22 6
14 18 1
3 5 4
5 8 2
0 3 3
11 15 3
4 8 2
23 2 5
15 17 3
1 3 3
4 7 2
10 12 2
2 6 2
19 21 6
16 19 5
10 14 5
23 2 6
21 0 5
6 9 1
17 18 5
7 12 3
13 17 5
2 6 5
17 20 6
12 16 5
10 14 2
2 6 6
21 2 4
23 2 5
3 7 3
4 6 5
3 7 2
11 15 5
16 19 4
14 16 6
15 18 3
9 10 2
9 13 5
8 11 4
21 0 3
9 11 1
13 16 2
17 21 5
3 8 2
14 16 1
15 17 2
5 8 5
10 11 1
21 1 4
12 16 6
6 8 6
0 3 6
4 7 6
12 14 2
6 10 3
11 15 3
20 23 2
3 6 1
19 23 6
13 17 1
4 7 6
7 10 1
8 12 2
6 9 1
2 3 4
3 6 2
15 18 5
15 16 1
11 13 3
18 21 6
9 11 5
10 13 2
23 2 4
12 14 2
15 17 6
13 15 6
23 2 4
10 12 2
13 14 3
3 5 3
10 12 2
13 16 5
1 4 3
12 13 1
15 18 2
18 21 4
13 17 6
1 4 5
8 12 6
14 17 3
19 22 3
6 10 2
12 16 2
11 12 6
3 4 4
22 1 2
21 23 3
2 5 6
15 17 4
12 14 2
5 8 3
1 3 5
23 4 4
18 21 6
8 11 1
1 3 6
19 23 3
14 17 4
8 12 1
1 4 1
21 0 6
15 18 2
6 7 3
10 13 2
9 11 1
12 15 6
18 21 6
3 7 4
8 11 5
14 18 6
0 3 4
23 2 3
19 21 6
19 22 4
2 4 6
3 6 4
22 2 5
13 16 5
18 20 1
18 22 2
0 3 6
23 3 4
16 19 6
10 13 5
19 22 4
18 22 4
23 23 6
19 22 3
2 4 4
7 11 1
7 9 1
14 17 6
4 6 4
20 0 5
3 6 6
6 9 1
21 1 1
18 21 3
22 2 2
16 18 1
14 17 1
5 8 4
5 8 4
18 23 3
1 3 3
21 22 3
12 15 4
22 3 4
8 11 5
4 6 4
2 7 5
16 18 6
23 2 5
2 5 4
21 0 1
10 13 5
13 16 4
4 7 5
19 22 1
15 16 2
9 12 3
15 17 4
20 22 2
21 1 4
5 9 1
17 20 3
19 21 2
1 4 3
0 4 6
8 12 2
0 4 5
6 9 4
21 1 1
16 19 5
0 4 5
9 12 1
5 10 3
5 7 4
20 0 1
16 18 4
11 13 6
19 21 1
6 8 2
5 8 6
9 11 4
11 14 1
8 12 3
21 0 3
4 9 4
3 6 3
0 4 4
5 8 6
23 2 6
17 20 2
3 4 1
0 5 6
3 7 3
17 19 1
0 5 6
12 17 3
21 2 3
12 16 3
1 4 5
9 12 5
14 19 2
0 2 1
23 2 4
6 10 3
8 11 6
22 23 3
3 6 2
2 4 1
19 23 6
16 19 1
19 23 4
16 20 3
23 1 5
10 14 5
21 23 2
19 22 3
10 13 6
4 7 6
0 4 6
17 21 4
10 13 4
14 16 3
13 15 1
9 13 5
23 2 3
9 11 2
22 0 4
9 11 4
7 11 5
14 16 3
17 19 1
8 10 6
14 17 6
8 10 1
6 8 5
0 2 2
16 19 5
5 10 2
21 0 3
15 18 4
1 2 5
6 8 6
2 4 5
6 10 3
21 1 5
18 20 6
8 12 2
0 2 6
0 3 5
9 11 2
5 8 1
12 15 3
23 2 4
5 8 2
6 10 5
8 11 6
22 1 6
23 0 3
13 15 2
6 9 5
4 9 3
1 3 5
6 9 5
7 10 3
18 22 1
9 11 2
8 9 2
4 5 3
16 18 2
3 6 4
17 21 1
4 6 6
20 0 1
19 19 2
6 8 1
10 13 5
18 21 6
0 4 2
23 3 6
7 9 3
2 6 4
10 14 6
9 13 1
16 20 5
8 10 3
18 22 2
4 7 6
18 22 4
5 5 3
23 3 5
19 22 5
1 4 6
10 14 3
4 8 1
3 5 1
8 12 4
3 5 4
22 2 2
21 0 6
20 23 2
5 9 3
10 14 2
7 10 4
23 0 2
0 3 5
7 8 5
10 13 1
4 7 2
0 1 2
21 1 1
18 23 5
20 23 4
8 9 3
4 8 1
12 16 2
22 2 4
20 23 1
10 13 6
4 8 1
23 3 3
23 2 2
10 13 6
21 1 1
9 9 6
15 20 2
7 12 5
1 3 1
10 14 6
16 19 6
10 13 6
12 15 4
2 4 4
18 22 4
2 6 1
11 15 3
22 0 1
0 5 1
19 22 4
15 18 3
16 19 3
16 18 4
8 11 1
10 12 3
16 19 1
16 18 5
7 8 4
15 19 6
5 7 4
5 9 6
9 11 1
19 21 2
12 15 2
19 22 6
22 1 2
8 13 4
10 14 2
18 21 6
23 2 5
5 7 1
19 21 3
23 3 4
2 6 4
21 1 6
11 13 4
4 7 6
13 18 4
23 2 5
11 13 1
13 15 6
19 21 2
16 17 1
12 14 6
10 13 1
17 20 4
8 12 2
4 8 2
8 11 5
14 17 6
20 20 1
12 16 1
10 12 4
10 15 5
15 17 3
6 9 4
1 5 3
8 11 3
22 2 1
19 21 2
10 15 1
18 22 2
2 5 2
5 8 4
9 12 5
8 11 5
10 13 4
18 20 6
8 11 3
21 0 1
22 2 6
17 20 3
23 0 4
1 4 3
12 14 4
9 13 2
13 15 1
20 23 4
5 7 1
17 19 1
18 21 5
20 0 5
0 4 3
20 0 4
5 8 1
10 15 4
18 23 6
1 3 3
15 17 4
8 11 2
11 14 1
13 16 5
12 14 6
8 11 4
9 12 4
17 21 4
13 17 4
11 14 4
22 0 2
11 14 6
9 12 3
7 10 3
0 4 2
17 22 2
11 15 5
4 7 2
3 5 5
1 5 3
8 13 6
22 1 1
4 8 5
7 8 2
17 20 2
20 0 5
11 12 3
7 11 3
5 8 2
20 23 4
23 1 2
22 0 6
0 3 4
0 2 4
21 0 6
3 7 6
18 20 5
5 8 3
19 22 3
14 17 5
13 17 1
4 8 2
3 7 6
14 17 1
18 20 6
5 7 5
4 8 3
23 4 5
3 6 2
22 1 6
2 7 2
4 8 1
0 2 1
13 16 1
20 22 5
21 0 3
22 3 1
19 22 1
4 9 3
1 3 1
18 21 6
20 23 4
8 10 2
5 10 5
16 18 1
15 19 2
6 10 5
1 5 6
22 1 5
13 15 2
22 1 4
11 13 5
16 19 4
19 22 4
12 16 3
9 11 1
19 23 6
19 0 4
10 13 3
15 17 1
13 17 4
7 10 1
16 18 4
6 9 4
12 15 2
16 18 2
13 15 2
12 13 5
12 16 4
22 0 1
10 13 6
22 1 2
7 11 5
2 6 2
3 6 6
15 18 2
23 1 3
19 19 5
15 17 6
2 4 6
12 14 1
3 5 3
10 14 4
15 18 2
13 16 1
2 5 5
15 16 2
8 12 6
7 9 4
5 8 1
7 10 3
21 23 4
4 8 4
3 6 2
0 3 2
1 4 2
7 9 5
12 13 2
18 21 4
16 20 2
21 1 4
15 18 1
5 9 5
5 9 6
16 18 1
0 3 4
22 2 6
5 8 3
23 0 5
13 18 2
3 6 6
13 15 3
3 6 1
20 23 6
12 16 4
6 8 2
14 17 2
9 12 4
10 13 4
16 18 6
13 16 6
22 1 4
0 3 1
23 2 2
8 10 3
4 6 6
1 3 6
9 12 4
9 14 4
13 16 4
8 11 4
12 14 4
21 1 3
6 10 5
5 8 6
5 8 4
16 19 2
1 5 3
0 3 6
7 10 1
0 2 5
9 13 2
10 13 6
9 12 1
21 0 3
7 9 2
9 12 1
16 18 3
2 5 4
4 8 1
5 8 1
4 8 5
4 8 6
23 1 4
0 2 5
9 12 4
19 22 3
17 18 4
1 3 6
1 3 1
13 18 3
3 4 2
6 8 4
12 15 5
8 11 2
10 14 5
19 20 4
1 4 3
6 9 4
17 21 2
8 10 3
14 16 3
4 8 4
15 17 1
22 0 4
21 2 1
2 6 6
1 4 5
0 3 1
20 22 1
5 8 2
20 23 5
2 6 4
10 14 1
12 14 3
8 12 5
23 3 4
18 20 3
5 10 2
21 0 1
5 7 6
19 22 4
17 21 4
16 20 5
17 19 6
0 3 4
18 21 1
20 23 4
9 12 3
2 4 3
16 18 2
17 20 1
11 14 6
17 21 2
4 7 5
9 12 6
12 16 4
20 22 6
10 13 1
2 5 5
15 20 3
23 1 1
4 9 3
16 18 2
10 14 2
0 4 1
5 6 6
20 22 5
17 21 3
14 18 5
21 23 3
9 13 5
21 1 5
12 16 3
2 5 2
19 22 5
13 16 6
9 13 1
15 19 4
5 7 1
10 15 5
7 9 2
9 11 6
2 4 6
16 20 4
23 1 3
12 14 4
21 23 2
12 14 1
0 3 6
6 9 3
13 15 1
8 11 6
17 20 3
13 17 1
12 15 1
10 13 2
0 3 5
1 3 6
18 20 1
12 13 3
7 10 1
19 23 3
2 4 1
2 4 3
0 3 6
1 5 3
0 3 3
19 0 4
7 11 3
23 3 4
0 4 5
19 22 6
5 7 3
2 4 2
19 21 4
0 4 2
2 5 1
14 17 1
12 14 1
2 5 6
12 15 6
10 13 1
9 13 3
3 5 1
18 19 6
3 6 4
3 7 4
0 3 3
10 14 5
18 21 3
19 20 5
0 4 2
5 9 5
5 9 2
0 4 6
13 17 5
5 7 6
20 23 3
6 7 1
19 21 1
2 5 5
11 15 4
5 7 3
20 23 6
1 4 6
0 4 2
13 18 4
5 7 3
16 20 3
7 10 3
0 3 2
19 21 3
1 4 5
20 0 2
9 13 5
15 21 5
20 23 4
11 13 4
22 1 4
16 19 3
20 23 3
12 15 5
9 11 1
1 4 2
7 10 6
21 22 4
17 20 6
22 1 1
1 3 6
2 4 5
13 16 2
18 21 4
15 16 4
3 5 6
17 21 3
17 20 1
10 14 5
7 9 4
5 8 3
16 18 6
5 7 3
1 6 1
21 0 4
14 19 2
18 22 5
4 7 2
6 8 3
4 7 3
4 7 5
10 12 6
7 10 5
11 14 6
14 18 5
20 22 2
15 20 1
3 5 6
18 21 3
5 6 4
16 18 1
1 2 3
0 3 6
22 1 4
4 8 1
0 2 6
9 12 1
20 23 4
11 13 3
16 19 6
3 6 5
5 9 2
15 19 2
14 17 5
2 7 5
0 4 4
19 22 4
0 2 6
11 13 2
16 20 6
18 20 2
10 13 5
17 21 6
2 4 5
14 16 3
13 17 5
17 19 4
17 19 2
18 19 3
7 11 4
18 22 5
16 19 2
5 9 3
7 12 4
7 10 5
0 2 2
15 17 4
18 20 6
13 14 2
23 2 3
2 6 3
11 14 6
2 4 3
15 18 2
19 22 1
19 23 2
2 4 5
4 7 2
9 13 6
17 20 3
10 12 2
14 16 1
13 18 2
9 11 3
10 13 1
1 4 6
8 11 1
6 9 3
22 1 6
18 20 5
19 23 1
6 9 1
1 3 1
12 16 5
17 19 5
7 12 4
14 19 4
22 1 3
5 10 3
4 8 2
7 10 5
15 18 1
22 1 1
9 13 1
19 22 4
20 0 1
20 22 1
17 20 5
8 11 2
13 16 6
14 16 6
13 15 5
21 23 4
14 17 1
13 16 5
1 5 5
2 6 2
14 18 4
19 22 2
19 22 6
9 11 6
12 16 6
13 18 4
18 22 5
5 10 2
13 16 6
6 9 5
16 17 6
20 0 4
15 20 3
16 21 1
18 22 5
5 7 6
15 17 4
8 9 3
12 16 3
19 21 6
3 6 1
21 2 1
9 10 4
9 13 6
20 22 3
11 15 1
1 4 4
7 9 1
16 20 2
1 5 2
15 20 4
19 0 5
13 17 5
22 2 5
16 19 6
22 2 5
12 15 3
19 21 3
13 15 3
9 12 2
14 17 2
4 9 4
16 18 3
19 22 6
8 11 2
19 23 2
4 8 5
3 7 3
1 3 1
8 12 6
19 21 2
4 7 2
16 20 4
21 0 6
0 3 4
21 23 6
19 23 1
0 3 6
20 23 4
9 14 5
9 12 3
15 17 2
2 6 6
6 8 3
6 11 2
7 10 2
21 23 5
8 9 5
4 7 5
11 13 4
4 7 1
19 20 5
17 19 3
16 18 1
1 4 6
8 10 2
1 4 6
11 15 5
8 11 4
22 1 6
12 17 2
12 14 4
18 19 2
17 21 1
22 23 2
20 22 4
6 8 3
22 1 5
3 5 5
23 1 6
3 6 1
6 9 6
20 23 4
4 6 6
11 15 3
8 12 4
12 15 4
13 16 6
7 10 6
20 22 5
20 2 5
20 23 6
