1100 4
22 15 21 21 
15 18 1
5 8 3
16 20 3
3 6 4
9 11 3
8 11 4
3 7 3
3 6 1
15 18 4
2 2 3
13 17 1
5 7 4
15 20 3
21 0 2
17 22 4
9 13 3
8 11 2
14 18 1
22 2 3
14 18 4
14 16 2
4 7 1
21 23 2
8 11 1
20 0 2
5 8 2
2 4 4
0 3 3
9 12 4
13 16 3
0 3 1
21 23 1
18 19 1
22 1 4
21 0 2
10 14 2
3 7 1
3 6 4
7 12 1
17 21 1
14 15 2
6 8 3
5 8 2
0 3 3
12 17 4
16 18 1
15 18 4
9 14 2
8 10 2
18 21 3
4 7 3
14 15 4
0 4 2
4 5 3
15 17 1
23 2 4
23 2 2
7 9 1
14 17 4
23 1 1
7 10 3
3 6 4
10 13 1
4 7 3
12 14 1
8 10 4
5 6 3
11 13 1
2 6 2
14 19 3
17 18 2
23 1 2
1 3 1
6 7 2
20 20 1
8 10 1
15 17 4
4 8 2
3 6 3
0 1 2
21 0 1
14 18 1
6 10 3
8 11 4
10 11 3
19 23 3
10 13 3
7 11 2
12 14 3
5 8 4
13 16 2
0 2 1
2 5 2
14 18 3
5 9 2
4 8 3
14 17 3
7 10 4
8 11 3
20 1 3
7 11 1
23 2 4
10 13 1
9 13 3
16 19 2
11 13 1
3 7 2
19 22 2
22 1 2
19 21 1
17 20 2
10 15 1
9 11 4
8 10 4
21 0 1
15 16 2
20 0 2
19 22 3
0 1 2
18 21 2
13 17 4
5 8 4
21 1 2
9 12 4
15 18 4
12 15 4
14 18 1
15 18 1
11 15 2
3 5 4
5 8 3
20 0 4
5 9 3
23 2 3
15 19 4
11 12 2
21 1 3
21 1 2
17 20 2
13 17 4
0 3 2
14 18 2
12 16 2
18 22 3
15 18 3
13 17 2
9 13 3
2 6 1
0 3 2
17 21 1
16 19 3
0 3 1
19 22 1
22 1 4
15 19 2
0 4 1
12 16 1
23 2 2
3 6 2
2 6 1
16 19 2
5 7 3
22 2 4
17 19 4
1 4 2
14 17 3
14 17 1
3 6 4
18 20 4
23 2 2
10 13 2
22 23 3
18 21 2
16 20 2
22 2 3
18 21 4
6 11 3
11 14 3
22 1 2
9 12 1
21 1 3
14 17 1
3 5 3
8 10 1
12 16 4
6 9 4
6 8 4
3 8 2
8 11 2
2 4 1
6 9 2
16 19 2
13 16 3
13 15 3
11 13 1
22 1 1
14 17 3
23 3 3
0 4 2
14 17 3
20 22 1
23 2 2
17 20 3
7 11 3
18 21 2
13 17 1
16 20 2
12 15 2
3 7 3
8 11 3
0 4 1
1 4 4
22 1 3
6 10 3
6 8 3
22 0 1
13 17 4
12 13 4
12 15 1
0 4 4
4 7 1
9 12 1
23 2 3
21 0 2
17 21 3
1 3 1
21 23 4
4 7 1
11 14 2
9 12 2
6 9 3
14 18 3
5 7 4
23 0 2
21 0 2
0 3 4
18 22 3
2 5 2
19 21 1
17 20 3
22 0 2
10 13 4
14 16 4
19 21 3
20 22 4
16 20 2
19 22 3
7 9 3
6 8 2
18 20 2
16 19 1
9 13 3
1 6 3
18 19 4
23 2 1
10 14 1
9 13 4
17 19 4
20 22 1
8 10 3
4 8 1
22 3 4
18 22 2
6 8 1
17 23 3
1 6 3
21 23 4
12 14 1
11 14 4
19 22 1
7 11 2
20 0 2
23 2 4
22 1 2
8 12 3
17 18 4
11 13 1
19 21 2
9 11 4
13 17 3
11 14 3
20 21 1
23 1 2
17 20 2
3 6 4
14 17 2
5 8 1
13 15 1
16 20 1
19 22 2
11 13 2
8 12 2
4 8 1
7 11 3
2 4 4
3 7 3
22 1 4
17 19 3
4 8 3
11 13 2
15 19 2
11 14 3
11 14 3
18 22 1
10 12 4
19 21 1
13 17 2
19 23 2
15 18 1
16 20 4
19 22 3
9 12 2
19 23 3
11 15 3
9 12 4
3 5 2
22 0 4
9 11 2
12 15 4
8 12 3
16 17 1
6 7 2
7 10 4
14 15 4
6 9 1
14 17 1
3 6 1
21 0 1
15 20 1
6 10 2
22 0 4
18 21 1
10 12 1
23 3 1
21 21 4
20 22 2
16 19 4
22 2 1
22 2 3
0 2 2
8 11 1
19 21 3
13 17 4
19 23 3
22 1 3
23 1 3
8 10 3
18 21 2
18 21 2
10 12 2
6 9 1
6 9 1
8 11 4
8 10 3
9 11 3
15 19 4
17 20 3
7 10 1
16 20 4
23 0 4
2 6 2
18 22 2
22 2 3
8 12 4
4 7 4
11 15 4
21 1 4
17 20 2
16 19 3
5 9 4
20 22 4
15 16 4
8 11 2
17 22 1
4 6 4
19 23 1
10 14 2
15 20 3
4 7 2
9 12 3
18 21 2
17 19 2
10 13 1
15 17 1
22 1 3
7 9 3
16 18 1
0 2 1
4 7 4
9 13 1
9 14 4
23 3 1
3 6 2
16 21 2
9 12 4
4 7 3
3 7 1
6 10 4
9 13 4
1 3 1
4 7 2
17 22 2
5 6 1
12 13 2
8 11 4
2 6 1
21 23 2
23 4 1
2 6 1
0 2 2
7 11 1
23 3 3
9 13 3
0 3 3
13 16 1
5 8 2
4 7 4
20 0 1
0 3 1
22 1 2
13 16 4
6 8 3
9 11 3
19 22 4
6 10 1
19 23 1
5 11 3
14 15 1
19 21 4
23 1 3
16 20 2
21 0 1
15 19 2
23 2 3
10 13 3
13 17 3
7 11 3
13 16 2
1 3 1
13 15 3
20 0 2
14 18 2
19 22 4
11 13 3
16 18 3
16 19 1
22 2 1
0 5 4
9 12 2
5 9 2
12 15 3
7 10 1
23 1 4
22 0 1
14 16 2
18 22 1
14 16 1
9 11 3
11 13 3
2 5 2
12 16 1
4 7 2
19 23 2
23 2 2
9 11 2
21 2 1
19 23 1
2 5 4
16 20 3
1 4 2
0 3 3
1 4 4
2 5 2
20 22 4
11 15 4
11 13 2
0 2 1
11 13 3
17 22 2
10 13 1
5 8 3
8 11 2
1 2 3
3 5 1
9 14 2
15 18 1
0 4 4
14 18 1
18 21 2
15 18 3
19 23 1
14 18 3
11 16 2
13 16 4
5 9 4
0 5 4
18 22 4
16 20 3
14 16 2
4 7 2
4 8 4
22 22 2
16 20 4
18 21 4
13 16 2
3 5 4
18 22 1
22 2 3
19 22 1
14 18 3
10 13 1
7 11 2
13 17 1
19 22 3
22 23 3
10 12 1
5 7 4
23 3 1
7 11 4
17 17 2
3 7 3
5 7 2
21 23 2
11 14 4
1 3 1
23 3 3
0 3 4
18 21 4
19 20 2
9 11 2
2 5 2
4 8 3
9 12 4
2 4 3
5 7 1
13 14 1
15 19 3
19 23 2
16 20 4
5 7 3
0 4 2
8 10 2
7 11 1
4 7 4
9 14 2
10 13 2
16 18 4
9 13 2
20 22 1
6 11 4
5 9 3
17 21 4
15 19 2
15 18 3
10 13 2
16 19 2
21 0 4
3 6 1
8 10 4
0 3 2
7 9 2
7 7 4
9 12 3
6 10 3
5 9 3
6 7 3
9 14 2
20 20 3
9 12 4
13 17 1
18 19 2
19 23 1
4 9 4
17 21 1
22 1 3
0 2 4
7 12 1
20 0 3
1 3 2
8 11 2
21 0 1
5 8 2
15 17 3
11 14 2
10 15 4
21 23 2
10 13 4
20 23 1
11 12 2
6 9 4
2 5 3
8 9 3
19 21 1
12 15 3
14 15 3
5 7 2
10 12 3
13 16 3
7 10 4
17 20 1
16 18 1
17 21 3
2 4 3
11 15 3
3 7 1
10 11 3
7 9 2
14 20 1
23 3 2
12 15 1
5 7 1
5 7 2
5 8 3
10 14 1
7 9 2
5 7 4
0 4 2
12 14 1
0 3 4
20 0 4
21 0 1
1 5 4
18 20 4
10 12 4
22 23 2
21 1 3
6 8 3
10 14 1
19 22 2
12 16 4
21 0 2
13 17 1
20 23 4
3 7 1
23 3 2
22 3 3
5 7 1
3 5 4
23 1 3
13 16 3
5 7 3
12 16 3
0 3 4
3 8 2
1 4 1
1 5 3
13 17 1
1 5 3
22 1 4
1 4 4
20 22 4
23 2 1
3 5 3
18 21 1
21 2 4
14 17 4
17 20 4
17 20 3
1 3 1
18 21 4
2 5 3
18 19 4
20 23 1
3 4 4
5 9 1
1 3 4
0 3 3
15 18 2
10 15 1
15 18 3
22 1 1
22 1 3
8 13 2
13 16 3
3 6 1
16 19 1
13 16 4
17 21 1
18 21 4
6 9 4
2 6 4
17 19 4
19 22 4
15 17 1
8 10 1
17 20 4
10 12 3
6 8 3
22 2 3
22 2 4
8 11 1
12 14 4
1 4 3
3 6 3
10 14 2
12 17 1
16 18 4
0 4 3
1 4 1
6 9 3
19 21 1
18 22 1
19 22 2
4 5 1
8 10 4
18 21 1
12 14 2
12 16 1
21 1 2
6 9 3
3 7 1
12 14 4
17 20 3
23 1 4
15 18 1
21 0 1
9 12 1
8 10 4
21 21 1
3 8 3
10 13 3
19 22 4
1 2 4
15 19 4
15 20 1
15 19 1
6 11 4
23 1 1
1 6 3
11 16 4
14 18 2
15 17 1
2 4 2
19 22 1
0 3 3
6 7 3
0 4 4
4 8 2
23 3 1
14 16 4
22 2 2
2 4 4
5 7 4
7 12 1
8 12 4
8 11 3
1 5 2
15 18 1
18 19 4
13 16 4
0 2 1
14 17 2
7 8 2
13 16 4
10 12 2
3 5 2
20 23 1
8 11 1
3 6 4
15 17 1
21 1 1
11 14 1
16 20 1
1 4 1
8 11 1
3 7 1
21 23 3
21 1 1
16 19 2
8 10 3
6 7 3
4 8 3
17 22 1
0 4 1
1 3 3
7 9 3
18 20 2
21 1 2
2 4 3
16 19 3
20 1 1
20 22 4
6 8 4
9 12 3
8 11 4
9 9 4
2 5 3
11 14 1
11 15 2
23 1 1
15 18 4
5 7 3
5 9 1
20 23 1
18 21 2
20 21 1
2 5 3
21 23 4
21 23 1
20 0 2
12 13 3
12 17 4
7 10 2
0 2 2
6 9 1
0 3 2
1 3 2
13 16 1
8 13 2
11 13 4
7 12 4
10 13 2
11 14 2
0 3 4
19 23 2
7 9 4
1 3 4
20 22 2
14 17 2
13 16 3
23 2 1
8 10 2
1 5 3
11 14 2
4 6 2
14 17 3
4 8 1
11 15 2
17 20 4
21 0 3
18 22 2
17 20 2
2 5 2
22 0 3
23 4 4
8 10 2
16 19 4
23 3 4
0 2 2
8 12 1
18 22 4
22 2 4
9 10 3
16 19 2
20 23 4
22 3 1
18 22 1
0 5 4
1 4 3
0 3 1
18 21 1
22 0 3
21 0 2
18 22 3
19 21 4
11 14 2
0 5 2
7 10 1
21 1 3
18 20 3
8 10 3
15 18 1
4 6 3
18 21 4
10 13 3
13 16 3
19 23 3
18 21 4
15 19 3
16 18 4
8 10 1
2 6 4
21 0 3
16 19 2
20 23 3
4 6 3
12 14 3
4 8 1
7 9 3
17 20 1
12 15 1
22 0 3
12 14 1
7 11 1
23 2 2
13 16 4
6 11 3
22 3 2
21 22 3
16 19 1
16 18 2
3 6 2
6 8 1
4 6 3
7 10 3
21 23 4
21 22 4
4 9 1
19 21 1
20 23 2
23 1 4
0 2 3
11 15 1
22 0 3
6 8 1
14 17 2
15 16 4
23 2 4
13 16 3
11 14 3
14 16 3
3 6 3
14 17 1
22 1 4
9 12 4
19 23 3
0 3 3
15 20 4
2 7 1
14 19 4
13 15 4
3 6 4
11 13 1
6 8 4
15 18 1
14 16 2
1 3 3
6 11 1
7 11 3
3 7 4
21 0 1
9 13 3
6 9 4
13 15 1
10 15 4
14 17 1
0 4 3
1 4 2
9 11 3
20 22 2
19 22 4
12 16 3
15 18 4
13 18 3
19 21 2
22 0 3
6 10 3
3 5 3
18 20 3
0 1 2
10 13 1
23 2 1
6 8 2
13 16 3
4 8 1
13 17 3
10 12 4
3 6 1
3 6 3
14 17 4
20 23 4
1 4 2
8 11 2
4 10 2
12 15 3
2 6 2
20 0 2
10 13 3
19 23 2
11 14 2
7 11 3
11 16 4
3 5 1
19 22 2
14 16 4
10 12 3
0 3 2
10 13 4
14 15 2
0 5 2
9 13 2
8 11 3
18 20 1
4 6 4
0 3 4
6 8 4
18 21 2
13 16 3
22 2 2
20 23 3
3 6 1
7 11 2
2 4 3
20 0 2
23 3 3
23 2 1
4 8 4
20 22 1
12 16 2
6 9 4
23 3 1
21 2 3
19 20 2
23 4 3
22 0 1
5 7 3
15 19 1
9 14 2
5 7 3
16 21 3
0 3 3
21 0 4
16 20 3
3 3 3
1 6 1
4 7 3
4 7 3
5 9 1
19 22 4
18 21 3
1 4 3
22 2 1
8 11 1
4 7 2
2 5 2
3 5 2
13 16 4
2 4 2
20 20 4
1 5 1
17 22 4
1 3 1
2 6 3
19 23 2
13 16 4
23 23 3
3 5 1
0 2 4
16 19 2
15 18 4
14 18 1
8 11 2
16 20 1
18 23 2
4 7 1
8 13 1
13 17 1
15 19 3
16 20 1
10 13 1
1 5 2
20 22 1
22 1 3
15 19 3
12 15 4
0 2 4
17 19 1
12 15 2
11 14 4
12 14 4
1 3 4
4 8 2
5 8 1
5 10 1
6 8 4
22 1 2
7 10 2
15 18 4
14 17 2
10 12 2
14 16 2
23 2 1
19 23 1
16 18 1
0 2 2
2 6 4
8 12 2
2 6 4
17 20 4
0 4 2
17 21 3
22 0 3
21 1 3
22 23 1
10 12 4
2 4 2
14 17 4
12 15 2
7 10 4
6 8 4
22 1 2
4 8 2
5 7 2
10 13 3
7 10 4
19 22 4
14 16 4
12 15 1
7 10 3
23 2 2
