1400 6
3 16 13 18 13 12 
9 13 4
6 9 2
12 13 6
6 11 5
9 12 1
0 2 3
7 9 6
0 4 6
19 21 5
22 23 5
16 19 3
17 22 3
19 23 1
9 12 3
18 21 5
5 8 6
10 13 6
23 2 5
15 19 1
17 20 3
14 20 1
16 18 1
11 16 3
6 10 5
8 11 4
6 9 1
6 8 6
3 7 6
3 6 4
20 23 6
19 22 2
7 11 4
0 1 6
18 20 3
3 6 1
1 3 3
12 16 4
4 5 5
13 17 3
0 4 4
4 6 3
4 9 1
13 16 2
15 18 5
2 7 1
18 21 4
17 20 2
4 7 2
3 5 1
13 15 3
12 16 1
18 22 2
2 6 3
14 17 2
10 14 6
19 22 5
1 4 5
8 11 1
1 4 6
6 9 1
17 21 1
7 9 6
17 21 3
17 20 3
0 4 6
4 8 2
14 17 5
21 23 3
9 12 2
16 18 1
20 23 1
10 14 1
11 12 3
23 1 5
8 9 6
1 4 4
8 10 6
9 12 5
16 20 3
20 23 3
15 20 4
8 11 1
9 10 6
0 4 3
13 16 1
16 18 3
13 15 2
14 16 1
10 13 4
9 12 1
4 7 6
16 19 1
22 3 1
14 18 3
9 10 3
17 20 2
16 19 2
22 1 1
4 9 3
13 14 4
4 7 3
3 7 5
21 23 3
11 15 6
6 9 1
8 11 3
17 21 6
17 20 2
5 6 3
1 4 4
17 19 3
13 17 6
7 10 6
10 11 5
7 9 2
10 11 2
14 16 3
23 0 1
19 22 4
10 13 1
9 13 4
9 13 4
7 9 6
12 14 6
1 3 2
10 13 2
0 3 1
14 17 6
18 22 1
15 18 1
3 5 6
1 4 3
11 13 1
5 8 4
14 17 5
22 2 4
9 12 4
12 15 2
16 19 6
11 15 6
8 12 2
4 6 3
13 16 3
23 1 1
10 11 3
13 15 5
16 20 5
11 14 4
16 19 4
7 11 4
5 11 1
19 23 2
10 12 2
21 23 6
12 16 4
4 9 3
21 2 2
3 6 1
11 13 5
15 18 5
6 10 6
16 18 2
21 0 3
19 22 5
23 3 1
15 20 4
16 19 6
11 14 1
14 16 5
10 13 3
12 15 4
16 19 6
0 3 5
1 5 6
18 20 5
12 13 1
7 9 6
6 9 3
10 11 6
17 19 5
17 19 1
3 6 4
17 20 4
4 7 6
9 10 2
11 15 6
19 22 3
9 12 5
0 4 2
12 15 2
17 21 3
16 19 5
12 14 1
7 10 3
22 1 1
6 11 6
21 1 1
10 13 2
14 16 5
6 10 1
19 21 3
9 13 6
3 4 5
1 4 5
9 12 6
17 19 6
7 11 6
8 11 6
7 10 5
5 8 2
10 12 2
3 6 3
20 23 4
11 13 3
10 12 3
23 2 3
21 1 5
16 20 1
0 3 4
18 21 5
13 15 5
16 21 1
22 2 5
5 8 2
8 10 6
10 12 5
20 22 3
0 1 4
21 22 6
11 16 2
10 14 5
16 19 1
15 17 1
14 18 5
14 16 3
21 23 6
10 13 2
14 17 5
15 19 1
1 5 6
14 18 2
5 8 2
3 4 4
15 15 1
6 10 4
16 18 6
0 4 1
23 3 6
17 21 5
22 3 3
4 9 2
12 15 3
11 16 2
19 22 1
12 15 1
18 20 5
19 0 4
0 4 6
3 7 6
18 18 5
0 2 3
3 5 1
5 8 1
17 19 6
7 11 5
5 7 3
13 15 6
2 5 5
7 11 2
0 3 3
9 13 2
13 16 5
3 7 1
7 10 3
23 2 6
9 13 3
8 13 1
13 17 1
11 14 5
10 13 2
16 20 1
22 0 5
14 17 2
19 23 2
5 10 4
10 12 3
10 14 1
5 9 2
7 11 1
8 13 4
3 4 6
23 3 6
2 5 1
0 1 2
2 5 5
8 13 4
21 1 6
9 12 5
21 1 6
17 20 6
9 13 6
4 7 2
5 10 5
12 14 1
15 16 3
5 7 1
10 12 3
14 19 2
12 15 6
13 15 1
9 11 3
8 11 2
2 5 2
9 13 1
22 0 6
16 20 5
14 15 6
17 21 2
23 5 6
12 12 6
10 11 2
23 2 5
0 4 5
17 19 5
9 12 6
8 10 3
4 5 5
17 19 2
13 16 3
9 11 5
10 13 2
20 23 2
4 6 1
4 5 5
7 9 2
16 19 6
11 14 1
20 23 1
2 6 1
1 5 1
16 19 1
18 21 4
2 5 3
12 14 6
6 10 3
23 2 2
8 12 4
8 11 5
6 8 1
12 15 2
3 7 6
11 15 5
9 13 4
14 16 2
12 13 4
4 7 1
15 17 1
11 15 4
20 23 4
9 12 5
1 5 4
11 15 6
9 12 5
19 22 5
19 20 5
11 13 3
15 19 3
7 8 1
0 5 1
4 7 4
10 13 3
23 1 1
5 8 4
9 12 2
20 23 3
6 10 2
2 5 6
14 17 1
3 6 6
2 6 6
6 8 2
2 5 6
19 23 4
2 5 5
2 5 4
0 2 2
11 15 5
17 19 3
19 22 2
21 22 1
0 4 5
1 4 2
18 23 1
10 14 4
20 0 2
21 23 3
6 10 2
6 8 1
22 1 2
7 11 4
23 3 1
1 3 4
3 5 4
21 0 5
19 22 3
11 14 5
22 3 4
20 21 2
7 9 2
19 20 3
1 4 2
18 21 4
2 5 4
3 5 4
18 20 3
15 17 6
1 4 6
7 10 6
18 23 5
5 9 5
17 19 3
12 14 3
5 7 3
8 9 6
22 2 1
8 13 2
17 19 6
10 12 3
7 9 3
8 11 6
2 4 3
3 5 6
13 18 1
6 9 4
4 7 4
5 8 6
9 14 4
23 2 6
1 4 5
5 9 6
12 17 6
21 0 4
17 19 3
1 4 2
1 4 4
3 6 4
2 6 3
0 5 5
18 21 6
6 8 1
0 2 3
19 22 3
12 15 5
5 8 5
10 13 2
15 17 6
13 14 1
18 19 5
6 11 4
12 16 5
11 14 3
23 1 6
6 7 6
5 8 5
16 20 6
18 19 4
2 5 1
20 23 4
1 5 3
9 12 6
21 23 5
5 7 1
0 4 3
3 7 1
5 9 4
19 21 2
13 16 5
7 10 3
9 13 2
13 14 1
6 9 6
6 9 6
22 2 4
16 18 2
20 1 4
11 15 6
7 9 1
4 6 1
18 20 6
6 9 5
1 3 3
22 3 4
21 0 5
14 16 1
14 18 6
19 22 4
6 8 3
17 20 1
3 5 5
7 9 6
22 2 4
20 21 3
16 18 3
13 17 4
10 14 4
14 16 1
18 20 5
15 17 2
4 9 3
21 0 6
19 23 6
19 21 6
11 12 6
3 5 5
23 2 5
23 2 6
12 15 4
3 5 2
11 14 1
17 18 2
1 3 2
19 22 3
2 5 1
16 19 4
5 8 1
4 7 4
21 0 5
12 16 3
22 1 4
2 5 6
4 6 1
18 21 5
7 10 1
14 16 2
1 3 4
8 10 4
19 23 6
3 7 5
9 13 5
21 2 1
1 4 3
8 11 2
11 14 3
8 11 3
14 18 3
17 22 1
21 0 4
9 14 1
15 19 1
3 6 3
20 23 4
23 2 5
4 6 1
8 14 3
16 19 6
4 8 6
20 0 6
5 8 5
22 1 2
16 20 2
5 9 6
4 5 2
15 17 5
19 23 2
9 13 5
18 21 5
21 0 5
5 8 1
5 7 1
2 4 2
11 15 6
8 10 5
23 2 5
20 22 1
4 7 1
13 16 3
15 18 1
0 4 2
17 20 4
5 8 2
2 4 5
2 6 5
18 22 2
14 17 4
4 6 2
15 17 5
18 21 2
10 12 1
1 4 3
22 23 3
0 4 1
12 14 4
16 20 5
2 6 1
12 16 6
19 0 3
20 23 1
6 9 6
2 6 6
17 21 5
0 2 6
7 10 6
3 4 4
1 5 2
4 7 6
18 21 1
3 5 5
3 4 2
0 2 5
8 12 3
7 10 2
10 13 4
12 14 6
1 3 6
20 0 6
23 4 4
2 5 2
8 11 6
3 7 6
11 14 2
18 22 6
17 18 6
23 4 6
11 15 1
17 20 1
16 19 3
21 1 3
13 16 3
0 3 3
22 23 1
8 9 1
15 19 5
23 2 2
22 1 6
5 9 1
14 18 3
4 6 1
10 13 3
9 12 6
8 10 5
13 16 6
8 11 4
19 22 2
7 12 5
8 10 1
6 9 1
6 7 3
18 21 5
0 4 6
18 20 6
13 17 3
1 4 3
7 10 2
19 22 4
3 6 5
16 19 5
6 9 3
0 3 5
11 13 2
17 18 5
10 12 6
8 9 3
17 19 1
0 3 5
13 18 1
14 17 4
7 9 1
20 23 6
20 23 5
16 18 5
2 5 3
19 21 6
10 13 5
7 8 4
4 7 2
6 6 1
5 8 1
1 3 4
8 9 4
2 6 3
3 7 3
0 4 1
17 21 5
0 4 3
13 16 3
2 4 4
18 19 6
22 2 6
4 8 2
6 11 2
20 0 2
12 14 6
12 16 3
20 22 5
14 15 3
23 3 1
6 11 1
10 12 3
2 6 6
21 1 1
11 14 6
8 13 5
14 18 5
12 15 4
22 1 2
13 16 4
3 4 6
3 8 4
2 4 5
2 6 1
14 18 3
22 1 1
13 16 4
21 2 1
1 3 6
20 1 1
4 7 1
9 12 3
14 17 1
6 7 6
8 11 3
22 1 5
16 18 2
20 2 3
22 0 4
9 12 5
13 17 3
14 16 4
15 19 6
15 18 1
8 10 3
0 3 4
16 18 5
1 4 4
8 12 5
20 0 4
12 15 3
17 22 4
5 7 5
0 2 6
14 18 3
0 2 6
5 6 5
3 6 5
3 5 1
19 20 6
14 18 2
8 12 6
4 8 1
10 14 1
1 5 4
10 14 6
8 12 6
4 7 4
18 21 1
2 4 2
11 14 2
23 2 5
2 7 4
5 9 6
11 14 4
20 22 5
22 0 1
7 12 3
22 1 4
12 16 1
9 14 6
1 4 2
10 14 5
14 18 4
0 4 2
18 20 3
11 14 5
13 15 5
8 12 5
3 6 6
13 17 3
18 20 3
13 16 3
17 19 6
9 11 5
10 11 5
16 18 5
21 23 5
7 9 6
5 9 2
6 7 1
12 15 1
22 3 1
17 19 4
16 22 2
5 9 6
15 15 2
22 3 4
15 19 3
15 18 2
12 15 5
7 9 3
7 10 2
8 12 6
15 17 1
12 12 2
7 11 3
21 0 6
4 7 6
2 5 3
19 23 3
5 10 1
2 5 6
18 21 3
23 1 5
18 20 3
0 3 3
2 4 1
13 15 3
2 5 4
2 7 2
18 20 1
9 13 5
11 13 5
20 23 3
11 15 4
17 21 4
21 0 1
23 2 1
17 20 2
14 16 2
5 7 3
15 17 5
22 0 4
14 18 2
22 1 6
4 7 5
0 4 6
15 20 3
22 1 5
18 19 2
15 19 6
5 8 6
16 20 2
6 10 2
10 13 4
14 17 4
5 8 1
16 18 1
23 4 5
8 12 3
9 11 2
10 14 3
22 0 2
19 23 4
11 13 2
2 4 5
4 7 4
2 5 1
19 23 6
9 14 1
5 9 3
16 18 6
6 9 1
15 18 1
12 16 1
18 20 4
6 9 6
6 9 3
5 8 3
19 22 2
14 18 2
21 1 1
5 10 6
3 7 5
10 12 5
17 19 6
14 16 6
19 22 6
11 14 4
9 13 6
13 16 4
16 19 5
20 0 5
16 18 5
1 3 5
21 1 6
2 5 6
5 9 3
4 7 6
10 14 2
19 0 5
14 18 3
6 8 5
14 18 3
17 19 2
22 23 6
6 9 1
3 5 2
8 11 4
14 17 4
21 0 6
2 5 3
17 20 1
10 12 1
20 22 3
11 14 4
0 3 4
15 18 4
6 8 1
13 17 6
20 0 6
2 4 1
3 5 5
6 8 5
9 12 5
1 4 2
18 21 1
8 10 1
8 11 5
12 15 2
18 22 1
22 3 6
9 10 1
0 4 3
22 0 3
19 23 1
19 22 2
18 18 1
18 22 4
1 4 2
17 21 3
4 8 1
16 18 6
16 19 3
18 20 2
18 23 2
7 9 1
3 6 4
12 14 2
6 10 1
10 15 1
1 4 3
18 20 2
16 19 4
0 4 6
9 13 2
2 4 2
9 13 2
9 11 1
18 21 3
20 0 4
4 7 3
1 4 6
22 3 2
23 3 3
19 19 1
18 20 5
22 2 4
6 8 1
3 7 4
7 10 1
14 17 1
13 14 6
15 18 4
22 0 1
22 1 5
12 15 6
23 1 5
1 3 2
12 15 4
3 6 3
9 11 1
18 21 6
14 16 4
20 22 2
17 20 4
8 11 6
15 17 4
5 7 2
4 9 2
0 2 3
3 4 6
2 5 3
18 22 2
23 2 3
6 9 5
13 16 2
13 16 3
16 21 2
23 2 1
1 3 6
8 11 3
4 6 1
12 13 3
1 5 5
16 20 1
1 4 4
10 13 1
15 19 6
20 0 6
9 10 2
18 20 1
22 1 2
6 9 1
6 11 1
1 4 5
20 22 4
11 15 1
13 17 1
10 14 3
3 8 2
19 21 1
12 16 6
22 1 4
0 4 4
3 7 4
15 18 1
19 23 4
4 7 5
11 14 3
7 10 2
20 22 6
0 2 2
5 10 3
0 3 2
22 0 2
18 22 2
8 11 1
15 18 4
7 11 4
12 15 2
9 11 4
1 4 1
14 18 6
14 17 5
21 23 3
23 3 2
7 10 5
0 3 5
19 0 6
12 14 3
3 6 5
5 8 4
21 22 4
20 23 4
8 10 4
4 8 5
13 18 5
15 17 1
22 3 2
4 9 5
18 21 1
8 11 1
14 14 4
21 23 1
21 2 1
19 23 1
8 9 1
5 7 5
3 6 4
2 4 3
11 14 1
22 1 5
22 1 2
13 18 1
15 18 5
18 20 1
18 21 3
16 22 5
19 22 6
8 11 2
12 16 2
13 15 3
12 14 4
9 13 6
13 16 4
23 2 2
17 20 3
17 19 1
0 4 1
2 6 1
6 8 1
12 16 1
23 1 6
1 4 5
3 6 3
9 11 4
9 13 1
7 11 3
10 12 1
23 1 2
18 21 5
20 21 3
15 17 5
21 2 6
7 11 2
2 5 6
7 9 6
12 15 6
0 1 1
15 17 1
7 11 2
13 18 3
20 0 3
12 14 1
6 10 4
6 9 3
8 11 6
13 16 1
16 18 5
18 22 3
19 22 4
18 19 3
5 9 5
8 11 6
18 22 2
12 14 5
1 4 3
15 18 4
15 17 3
1 5 3
1 5 5
13 15 5
21 22 4
3 8 6
15 19 4
13 16 3
9 12 4
3 6 3
11 13 3
23 3 6
16 20 5
6 8 2
19 23 4
7 9 3
11 13 2
3 5 6
14 17 5
3 4 4
3 5 1
23 1 2
3 5 6
22 0 2
23 3 4
13 16 3
8 12 1
6 10 6
7 11 4
10 14 1
6 10 5
20 22 3
8 12 6
6 7 3
0 3 5
19 21 4
20 23 5
18 19 4
13 17 4
6 10 3
16 18 4
9 15 6
19 21 3
13 15 5
23 1 2
4 7 1
1 5 3
20 23 6
23 2 1
12 17 2
3 7 6
21 23 5
8 12 2
21 22 1
16 20 5
18 20 2
19 22 4
4 7 5
2 6 6
1 4 1
22 1 3
23 1 4
16 18 5
1 5 2
2 6 6
10 13 1
17 18 5
1 3 6
11 14 6
11 14 4
3 6 3
10 14 6
19 22 2
0 4 2
17 20 6
16 18 2
15 15 3
18 22 6
23 2 4
8 11 4
0 3 3
7 11 3
9 14 4
19 21 2
22 1 2
20 0 1
16 19 1
21 23 6
4 6 3
4 7 5
1 4 5
14 16 2
5 8 3
14 17 3
17 19 5
13 13 3
5 9 3
23 1 1
20 1 2
6 8 1
21 1 4
13 16 6
11 14 1
15 18 6
5 7 6
3 5 5
5 9 2
16 20 4
20 23 4
6 7 4
18 22 5
10 13 4
6 10 6
20 0 2
4 8 2
13 16 5
4 7 1
17 20 2
15 19 6
0 0 4
16 18 1
23 2 5
18 19 5
9 13 5
8 13 2
8 10 3
20 22 5
6 10 5
13 17 3
5 8 3
23 2 3
2 5 6
12 16 4
12 16 5
23 1 6
10 11 4
4 6 2
20 23 6
6 7 6
13 16 4
12 15 3
13 17 1
18 21 3
17 20 2
1 3 3
21 1 4
12 16 4
8 12 6
12 15 6
1 4 6
23 2 4
23 2 1
11 12 2
18 20 4
22 2 6
13 18 6
21 22 3
9 12 6
3 7 1
9 14 2
7 11 6
21 0 5
18 20 4
2 4 1
19 22 3
17 21 2
10 12 2
8 12 5
3 5 4
10 12 5
17 20 1
2 5 5
9 12 5
17 19 1
7 9 4
9 13 1
8 11 1
3 6 1
19 22 6
0 3 6
5 10 2
13 16 6
19 22 1
6 9 4
13 15 4
13 17 1
19 22 2
6 10 2
9 12 6
22 0 1
14 17 1
11 12 1
21 1 3
21 0 3
4 6 5
8 11 1
7 9 2
17 20 6
1 3 6
15 17 4
0 3 4
1 3 5
1 4 2
17 20 5
0 1 5
7 11 1
16 18 1
14 18 1
15 17 6
1 3 1
2 6 5
10 13 6
6 7 3
0 4 6
18 21 6
12 14 1
10 12 1
21 1 4
13 16 4
17 20 5
10 15 1
23 2 1
0 4 6
11 15 1
3 6 6
0 4 4
5 9 4
23 4 6
3 6 4
20 23 2
15 19 3
17 21 4
6 9 1
16 21 5
21 1 5
19 22 5
18 22 4
23 2 1
20 0 1
8 12 4
19 21 4
11 14 5
4 7 4
12 14 6
13 17 6
14 17 6
9 11 5
13 16 5
0 4 2
2 5 4
20 23 5
0 5 3
17 20 5
6 9 4
19 21 6
2 5 2
22 2 2
3 5 4
14 16 6
6 8 5
18 21 1
13 15 2
1 4 2
18 19 4
8 11 2
14 16 4
6 9 1
11 13 2
19 22 3
23 3 2
10 13 2
11 16 2
3 6 2
10 12 6
19 0 4
20 21 3
6 9 5
21 23 1
0 4 6
10 13 3
10 12 3
14 17 2
0 4 4
19 22 6
