100 1
4 
4 7 1
20 23 1
18 22 1
10 15 1
18 21 1
4 7 1
19 20 1
19 0 1
17 18 1
0 2 1
13 16 1
21 0 1
17 19 1
15 16 1
2 6 1
13 16 1
6 10 1
10 14 1
3 6 1
12 15 1
0 2 1
3 6 1
5 7 1
9 12 1
5 6 1
6 9 1
12 14 1
14 17 1
23 2 1
6 8 1
4 8 1
20 0 1
18 21 1
6 11 1
6 8 1
1 3 1
23 4 1
14 18 1
6 9 1
7 12 1
22 2 1
20 1 1
12 15 1
5 7 1
19 0 1
1 4 1
1 6 1
15 17 1
21 1 1
15 19 1
6 8 1
21 1 1
4 8 1
15 18 1
1 3 1
19 23 1
17 22 1
7 11 1
3 7 1
18 21 1
22 1 1
10 13 1
5 10 1
14 18 1
20 22 1
20 22 1
17 21 1
2 4 1
20 0 1
11 13 1
18 20 1
19 22 1
18 22 1
11 13 1
5 8 1
22 3 1
10 13 1
8 11 1
15 19 1
23 1 1
23 2 1
2 5 1
11 15 1
0 3 1
11 14 1
21 0 1
5 8 1
16 19 1
19 22 1
16 18 1
14 18 1
15 21 1
11 14 1
19 22 1
16 20 1
10 14 1
19 23 1
0 4 1
3 5 1
20 22 1
