1900 6
2 16 22 9 11 9 
10 15 5
16 20 2
1 5 2
12 14 2
12 16 4
8 12 4
22 1 6
12 16 4
2 6 4
7 11 6
5 7 6
5 7 1
17 20 1
1 4 4
4 8 5
15 18 2
9 11 1
2 4 1
8 11 5
13 17 3
2 4 6
19 21 4
9 12 1
10 12 1
12 15 2
14 17 2
8 12 2
6 11 4
1 3 3
3 6 5
3 7 4
17 20 5
10 13 2
18 22 4
21 23 1
10 12 6
15 18 6
12 16 2
15 18 3
22 1 3
1 4 5
17 21 1
0 2 6
12 14 3
21 0 5
1 4 1
9 12 6
1 6 6
1 5 6
18 22 2
9 12 4
9 12 2
8 10 1
10 12 3
14 17 3
21 0 1
14 17 5
16 20 1
18 22 4
22 23 2
16 18 6
2 6 6
19 23 1
3 7 6
17 22 1
13 16 6
22 0 4
16 20 3
18 20 3
5 7 2
1 5 1
5 7 6
13 16 6
10 13 3
16 18 1
16 22 1
4 7 2
20 22 1
9 11 1
1 6 1
15 17 2
5 6 4
7 10 3
9 12 4
23 3 1
14 17 6
4 7 6
11 14 6
21 1 2
10 14 5
23 4 5
13 16 1
2 5 1
0 4 4
15 16 3
3 7 3
23 3 5
23 3 1
6 7 5
15 18 6
2 4 1
4 7 3
14 16 6
10 14 2
7 8 4
6 7 5
22 1 2
2 5 5
7 9 4
5 8 2
8 11 4
1 3 4
2 4 3
12 14 6
12 14 4
0 2 1
5 6 2
1 3 5
5 9 6
23 2 6
5 9 2
11 13 4
22 2 6
15 19 5
18 20 5
20 22 4
6 9 4
7 11 4
3 6 4
17 20 6
9 12 4
2 5 5
12 14 5
0 2 6
13 16 1
9 13 4
16 19 5
3 6 6
19 22 6
16 18 3
8 11 5
4 8 4
19 21 4
22 0 2
7 9 4
15 18 4
23 2 6
7 12 2
6 9 3
20 21 4
18 23 5
15 16 4
10 12 3
11 14 5
7 8 3
20 22 1
14 17 4
11 12 3
21 1 6
11 13 1
20 23 5
13 14 6
9 11 5
1 3 4
2 5 4
1 3 6
15 19 2
10 12 6
20 22 4
11 15 5
13 17 3
20 0 5
7 11 4
10 11 1
12 15 3
13 16 5
4 9 2
13 17 1
1 4 3
1 4 6
13 16 6
6 7 4
12 15 5
17 20 1
7 10 3
18 22 6
18 21 5
14 16 6
4 6 2
0 2 5
11 15 2
1 5 3
21 0 5
18 20 5
11 15 2
20 22 5
12 14 5
18 20 4
14 17 2
12 14 2
13 16 5
11 14 5
5 8 6
10 13 4
5 8 1
0 3 4
12 15 1
22 0 5
19 22 3
23 0 4
21 21 3
12 15 5
15 17 2
9 12 5
14 18 3
11 15 6
23 1 6
8 10 1
17 21 1
9 12 3
2 5 3
7 11 2
16 20 4
10 14 5
6 10 4
22 1 5
23 2 2
20 0 4
14 17 1
7 11 6
1 4 6
20 23 5
3 5 1
1 5 6
23 2 2
11 14 1
15 18 3
18 22 4
1 4 5
2 6 4
22 1 2
9 12 6
23 0 4
11 15 6
0 4 3
18 23 1
1 2 2
22 2 3
5 7 5
8 11 1
18 21 5
21 0 6
6 10 3
5 9 2
12 15 6
0 3 3
6 8 5
3 5 3
0 2 3
3 6 4
17 17 3
19 21 4
3 6 5
0 2 5
8 11 4
1 3 3
3 5 6
0 4 3
18 20 4
12 16 1
21 0 3
1 4 4
20 1 1
19 22 6
18 22 5
17 20 6
11 13 2
10 13 1
17 21 4
1 5 5
21 22 5
16 18 6
18 22 3
18 22 6
1 6 1
12 15 3
10 13 2
13 17 2
13 16 3
11 14 2
18 23 5
10 14 3
3 7 1
20 1 1
19 21 1
13 15 3
3 6 5
23 2 5
22 0 2
10 14 2
14 18 2
6 9 4
14 16 6
21 2 4
14 17 1
8 11 5
1 3 5
22 1 6
18 21 3
8 11 4
19 21 1
1 4 1
2 5 5
22 1 1
2 4 2
5 8 1
23 2 4
17 19 4
3 4 5
11 14 1
21 1 5
18 22 1
15 18 3
23 3 6
15 20 3
2 5 4
0 3 3
8 11 2
22 0 4
12 15 1
0 3 6
5 8 1
15 18 4
17 19 5
18 23 5
3 5 6
12 16 6
21 1 3
2 4 4
5 8 1
17 19 4
5 10 3
19 21 3
23 3 2
5 11 4
12 14 5
21 1 6
1 3 1
5 10 2
23 2 5
5 9 5
8 10 2
18 20 4
17 19 3
23 0 2
23 1 5
1 3 3
22 0 6
0 2 1
8 11 1
22 0 2
10 13 6
23 2 6
0 3 2
17 20 2
23 3 2
2 5 2
3 6 3
23 2 1
16 19 3
15 18 1
20 0 5
8 12 6
1 4 5
18 21 5
16 19 3
13 16 6
8 13 5
12 15 3
18 20 2
10 12 3
13 16 6
12 15 2
15 18 1
10 11 4
22 1 5
10 13 1
8 11 2
14 18 2
8 10 1
13 14 1
1 4 5
1 4 4
2 5 1
19 23 1
6 11 4
21 0 6
12 15 6
5 8 2
14 17 6
17 18 3
8 11 1
2 6 2
11 14 2
7 11 1
23 1 5
22 1 1
11 15 3
6 10 3
0 3 5
22 0 1
1 5 4
2 6 3
17 21 5
18 21 2
7 10 3
12 14 4
2 4 6
0 3 5
6 8 5
5 7 1
23 2 3
4 7 6
12 15 6
9 13 2
8 11 4
4 7 1
20 21 2
1 4 2
20 23 5
12 15 4
10 13 4
20 22 4
8 10 4
8 11 3
20 21 6
0 5 6
10 15 6
2 5 3
2 6 1
15 18 2
21 21 5
3 7 1
9 12 1
1 4 2
8 11 2
23 1 5
1 3 2
6 9 2
4 8 4
14 16 2
14 18 5
4 6 6
23 1 5
15 16 1
18 20 1
16 18 3
11 14 1
7 10 2
20 22 2
7 9 1
13 18 3
10 16 1
18 21 6
11 14 2
15 17 5
13 16 3
12 16 4
13 16 4
1 3 2
21 23 6
15 19 3
7 11 2
8 10 6
13 17 2
3 7 4
0 3 1
15 20 4
14 16 4
7 10 3
13 16 1
19 22 2
12 16 6
21 1 4
9 11 6
6 9 1
0 3 6
7 10 6
22 2 6
19 23 1
17 20 1
16 21 4
2 5 1
22 1 2
6 9 4
10 13 3
17 21 1
8 11 6
6 9 3
21 1 2
1 4 6
14 17 2
16 18 5
1 4 5
3 6 2
20 23 3
13 16 2
14 17 6
0 2 1
13 16 1
5 8 5
20 0 5
23 1 4
4 8 1
1 5 4
16 18 1
22 2 5
8 11 4
8 11 4
6 9 2
18 20 3
9 11 5
4 7 5
7 8 2
21 23 3
21 22 6
2 6 1
2 5 6
0 3 3
19 22 5
5 8 1
8 10 6
1 5 6
3 8 6
21 23 2
2 5 2
18 23 5
19 23 5
14 16 3
16 19 3
22 2 3
14 16 5
17 20 6
11 14 2
22 1 2
6 11 2
6 8 6
22 1 6
16 20 4
11 15 4
14 17 3
19 22 5
9 10 3
3 5 6
8 10 1
9 13 4
21 0 5
18 20 2
18 20 1
10 13 3
21 1 6
23 2 4
15 17 6
2 5 6
10 14 4
5 7 5
2 5 3
9 11 6
14 21 2
7 10 2
15 17 3
17 20 4
10 12 3
4 7 5
12 14 4
17 20 5
13 15 3
8 11 2
2 6 4
22 3 3
7 10 5
23 2 5
13 16 2
11 13 1
7 10 6
5 8 6
19 22 5
16 19 2
2 7 4
8 11 6
22 2 1
11 13 3
19 23 3
2 6 2
20 0 3
16 19 1
17 20 5
11 14 2
22 1 5
2 4 5
9 14 3
11 14 6
23 1 6
17 20 3
2 4 1
6 10 4
8 12 6
22 2 5
13 16 2
6 10 2
13 15 5
17 19 3
9 13 3
10 13 2
10 13 6
3 7 1
8 13 1
5 8 3
11 13 5
14 16 2
18 21 5
0 2 1
13 14 5
0 3 4
5 6 2
7 9 6
1 4 1
17 20 4
1 4 4
21 0 3
12 15 5
7 9 4
22 2 2
5 8 1
2 5 1
6 9 4
18 22 1
14 16 1
14 17 3
16 19 3
4 6 1
12 15 5
20 23 2
12 14 5
7 11 6
21 23 1
23 2 2
13 17 6
19 20 1
5 6 5
4 6 1
11 13 5
10 13 4
12 15 2
12 15 4
13 18 2
15 19 6
19 21 2
5 8 5
20 0 4
10 13 3
14 17 5
7 10 3
1 6 2
23 3 1
19 22 2
10 14 1
17 21 2
8 12 5
7 11 4
18 21 5
21 1 1
1 3 1
19 22 6
9 11 6
11 15 1
14 19 1
11 13 3
1 3 6
6 11 6
12 15 4
13 16 4
9 12 2
6 9 1
12 15 2
17 20 1
15 18 6
8 12 6
23 1 5
23 0 5
14 17 4
4 8 3
22 23 1
19 22 3
23 3 3
17 22 1
2 5 5
2 7 6
2 6 1
14 18 1
21 1 4
1 2 6
4 8 6
21 0 5
11 15 3
23 2 6
18 22 6
4 10 2
19 22 1
9 12 3
0 2 3
7 10 5
13 17 6
8 10 5
22 0 1
11 16 1
13 15 1
22 2 3
14 15 3
19 22 1
0 3 1
9 12 5
0 3 5
1 4 3
12 15 2
20 0 4
4 6 6
9 11 4
21 0 4
17 21 6
15 18 2
15 20 2
8 12 6
23 3 3
9 8 5
16 20 2
7 10 2
7 9 5
15 18 5
9 12 5
22 2 4
19 22 3
5 9 4
15 19 6
5 7 1
5 7 4
16 21 2
9 10 3
1 3 2
9 12 3
1 5 2
6 10 1
13 17 4
9 13 1
18 21 3
3 5 3
7 10 1
8 11 2
9 12 1
11 16 2
11 14 1
5 11 2
17 20 4
7 9 5
10 13 3
14 18 4
15 17 3
7 10 5
22 1 3
0 3 4
10 15 4
9 11 4
17 19 3
10 11 2
6 9 3
5 7 5
4 8 2
11 13 2
23 3 1
3 7 4
6 10 2
8 12 4
3 5 5
15 20 1
1 5 3
2 7 2
21 1 2
23 1 6
22 0 3
16 19 3
2 4 4
2 3 3
19 23 4
2 5 2
9 11 4
7 8 6
18 22 6
0 1 4
22 23 2
17 19 2
3 6 4
17 21 1
17 18 2
15 16 4
17 20 2
7 9 3
18 22 2
0 4 1
5 11 6
22 0 3
0 2 3
14 17 2
3 8 3
11 13 1
19 21 1
12 14 3
22 0 4
3 7 1
1 4 3
21 0 4
17 20 1
15 17 6
8 11 4
20 23 2
22 1 6
6 8 2
22 1 6
2 5 4
12 17 2
8 10 2
18 22 1
1 2 6
11 12 2
23 2 4
8 9 5
7 10 1
5 7 3
6 10 5
22 1 1
12 15 5
13 16 6
6 7 3
11 15 1
8 10 3
11 14 4
11 13 6
1 6 6
12 16 6
5 9 2
12 16 1
8 10 2
17 20 6
20 23 3
12 15 4
2 4 1
1 2 6
1 4 5
17 20 5
22 0 5
1 5 4
4 7 2
22 0 6
22 0 3
2 5 4
17 21 2
15 18 6
3 4 3
3 6 3
6 9 6
2 5 3
21 22 2
20 22 1
1 4 5
11 15 5
4 7 3
19 23 6
10 13 2
6 9 3
5 11 6
12 16 1
7 10 5
21 1 5
4 7 6
22 1 2
11 14 1
2 6 3
2 4 2
20 23 1
23 3 5
17 21 1
7 10 1
3 4 2
19 22 2
22 0 1
12 16 3
1 4 5
1 5 1
2 3 3
2 6 6
8 12 1
10 12 3
8 11 5
21 1 6
4 6 4
0 4 3
23 2 3
6 10 1
14 15 2
18 22 2
3 7 2
1 3 6
6 8 5
7 11 1
2 5 1
8 11 2
8 10 1
7 11 3
13 16 6
20 23 2
12 15 1
8 11 5
0 2 2
23 2 2
3 7 2
14 16 5
18 21 4
11 12 3
19 22 6
10 12 1
16 20 3
22 1 3
7 8 4
6 9 5
18 21 1
3 6 3
17 19 6
11 14 4
19 23 5
12 15 6
21 23 6
11 14 3
9 12 5
17 20 3
4 7 1
20 22 3
5 9 3
21 23 1
3 8 4
20 1 2
4 7 5
1 5 6
2 5 1
23 2 4
21 0 3
8 11 5
21 0 1
10 13 5
12 14 5
0 2 4
0 3 5
2 4 5
9 12 2
3 5 3
2 6 6
18 21 1
19 22 2
23 0 1
18 20 2
20 22 1
3 6 5
22 1 1
11 14 4
12 14 1
13 16 6
18 19 6
5 9 4
6 8 1
17 19 5
6 9 2
11 13 5
8 11 2
1 2 2
1 4 1
6 8 1
8 10 6
18 20 6
18 22 6
10 12 2
5 8 4
11 15 6
11 14 1
13 15 1
3 6 6
2 5 3
7 9 4
12 15 5
18 20 4
9 12 3
11 14 6
22 1 4
2 6 2
18 21 3
11 15 6
6 8 3
20 23 1
2 5 4
1 6 6
21 1 4
20 23 3
18 20 4
5 10 2
8 11 3
7 10 6
21 0 4
14 17 1
20 23 1
9 10 5
22 1 2
17 20 3
9 12 4
3 6 4
0 2 1
15 17 4
16 20 2
15 19 2
0 3 5
10 12 3
7 9 1
5 9 2
19 22 4
9 11 2
6 8 5
17 20 2
10 13 2
3 5 5
10 15 5
13 16 2
13 17 5
12 16 5
23 3 5
7 9 4
7 10 5
2 4 4
23 0 1
8 9 3
11 13 3
6 10 4
6 9 4
11 13 1
16 19 3
11 14 1
12 17 4
3 6 3
6 10 3
19 20 1
21 22 6
5 7 2
10 13 6
8 10 4
9 13 5
17 18 6
9 13 6
3 4 3
15 19 6
17 18 4
15 19 6
23 2 2
11 12 1
16 18 6
3 5 2
4 6 1
18 20 3
15 18 4
3 6 4
22 0 6
19 21 1
1 4 2
1 5 2
18 20 2
21 0 1
2 4 1
16 17 1
17 20 2
19 21 2
7 11 6
22 2 6
11 14 3
23 3 5
6 9 2
12 17 4
9 14 6
3 7 3
14 16 1
7 8 3
14 18 3
11 13 6
15 17 4
1 3 3
22 1 3
17 18 1
19 21 2
17 18 3
9 12 5
9 13 1
22 0 4
1 4 4
22 2 2
16 19 2
7 9 1
22 2 6
0 1 2
13 17 4
22 3 3
10 11 2
13 18 2
18 20 6
12 14 2
10 12 4
15 18 2
7 8 2
0 4 6
10 13 2
15 19 1
4 7 3
22 23 5
0 4 4
14 15 6
0 3 4
7 9 4
15 18 1
9 11 2
14 18 6
12 16 3
13 18 5
20 22 2
13 17 5
9 13 5
11 15 2
4 7 2
1 3 4
13 16 6
22 23 3
12 15 2
15 17 4
20 22 2
19 19 4
11 14 4
15 19 3
7 9 2
16 18 1
1 6 4
22 2 5
14 17 1
6 10 3
7 10 5
10 14 2
19 22 2
1 5 3
20 0 1
10 13 1
2 5 5
15 18 3
11 15 6
11 13 2
16 17 6
11 14 2
11 15 2
3 5 6
2 6 4
6 9 2
23 5 3
0 2 2
11 13 5
8 10 5
22 1 2
5 8 1
18 21 4
23 2 5
9 13 5
7 9 5
4 5 3
19 22 4
18 20 2
21 1 6
15 17 3
22 2 5
3 5 1
2 5 1
22 0 6
4 7 3
3 5 5
16 19 4
11 15 2
4 8 2
18 22 3
15 17 4
21 22 1
19 23 2
11 13 2
0 4 4
9 13 2
13 17 2
14 17 4
3 5 5
1 5 2
10 12 4
0 2 3
1 2 4
12 17 2
8 11 3
11 13 1
17 20 2
8 11 5
5 8 6
14 16 4
15 18 1
18 21 6
9 10 2
3 5 5
14 17 1
5 8 4
2 4 6
3 6 6
23 4 1
5 8 4
19 22 2
8 12 2
3 7 6
6 10 3
7 11 2
23 1 3
23 0 3
18 20 5
23 1 2
2 6 1
22 2 2
21 1 2
12 16 1
21 0 1
9 12 6
15 18 3
21 23 4
22 1 4
6 9 5
18 20 6
10 11 5
21 23 4
1 4 2
15 18 3
17 21 6
21 0 2
4 6 1
13 17 1
14 17 4
19 22 5
6 10 6
8 12 1
15 18 6
6 8 1
15 17 4
21 0 1
6 10 2
4 7 1
12 14 3
12 14 4
23 3 5
2 5 6
22 1 3
13 15 6
12 16 5
21 1 3
3 6 6
20 23 4
5 6 3
13 16 6
19 23 3
12 16 3
5 8 2
2 5 2
6 9 6
7 9 1
13 17 3
10 12 3
1 3 4
14 18 3
20 23 4
11 12 1
5 7 1
14 16 2
11 14 2
7 10 6
17 20 5
22 0 3
7 11 4
6 9 2
0 3 6
3 4 5
14 17 4
8 12 5
14 18 3
12 17 2
5 8 4
14 16 3
20 0 1
15 17 6
0 3 1
3 7 4
22 1 1
0 3 2
6 9 1
23 2 3
16 18 4
7 10 4
22 1 4
12 14 2
3 4 4
8 11 4
10 14 4
18 21 5
14 16 6
6 10 4
0 4 4
13 15 6
4 6 1
17 21 1
7 8 6
2 3 6
0 4 3
10 14 6
14 17 6
3 6 5
6 8 4
22 3 4
16 18 3
15 18 6
21 0 2
8 11 1
7 11 3
22 3 3
10 14 4
1 5 3
20 21 3
6 11 4
9 11 2
13 16 6
19 22 1
18 20 6
1 3 1
4 7 4
18 21 4
11 14 6
18 21 5
14 17 5
22 2 1
15 17 4
23 2 6
19 22 3
10 12 6
4 6 6
19 22 3
12 15 4
13 17 2
15 17 4
13 16 1
12 17 4
15 18 1
22 2 5
15 18 2
23 2 6
17 21 5
20 1 1
14 18 2
15 18 2
15 16 2
19 0 4
9 13 1
7 10 1
17 21 4
19 20 5
17 20 5
11 14 4
1 4 3
19 21 3
0 4 1
10 13 3
1 2 4
18 22 2
16 21 1
9 13 2
21 1 5
22 0 2
9 12 3
15 18 4
12 15 6
9 14 5
13 14 4
23 4 2
0 4 6
4 8 2
5 8 2
21 1 6
6 8 1
16 19 1
23 3 3
0 3 6
20 0 1
3 4 6
3 6 6
6 10 5
22 1 1
18 21 1
22 1 1
22 0 1
5 8 5
10 13 6
13 17 3
1 4 5
19 22 5
10 14 4
10 13 4
5 8 1
6 10 3
17 20 5
20 0 2
18 21 1
10 12 1
11 14 1
13 16 2
19 22 6
4 6 4
10 12 6
3 5 5
17 22 2
2 8 6
11 16 6
4 6 4
21 23 3
22 2 1
7 10 2
13 15 2
11 15 6
1 5 3
15 17 2
15 17 5
1 3 3
12 14 5
1 4 4
3 6 6
15 18 4
7 11 4
8 10 1
18 22 1
1 4 3
13 16 4
14 16 2
4 8 2
8 12 2
17 20 1
21 1 4
0 4 4
21 1 5
4 7 2
2 3 1
7 11 5
2 5 4
3 6 3
4 6 5
19 22 4
8 11 6
1 2 3
3 7 2
12 16 5
18 21 6
16 18 5
7 9 5
1 3 4
4 7 4
21 23 4
3 8 4
15 18 5
10 13 3
21 1 6
8 11 6
21 0 6
12 14 2
19 22 2
20 1 5
6 8 5
19 21 4
8 11 4
4 7 1
0 3 4
3 4 2
18 22 2
12 15 3
6 9 2
20 0 5
18 21 5
4 7 3
21 1 4
6 10 5
0 2 2
8 11 2
5 7 4
16 18 5
9 12 1
15 18 6
1 4 5
9 12 6
10 10 3
0 2 3
0 2 1
3 6 4
18 20 2
6 9 2
2 4 6
5 8 1
15 17 6
11 14 1
11 12 3
12 15 1
3 7 5
10 12 5
14 17 5
9 13 6
20 22 3
16 19 3
0 2 5
13 16 3
18 22 6
2 5 6
16 19 4
9 13 2
19 22 2
9 12 1
17 20 2
10 12 1
6 9 2
4 6 3
8 12 6
14 17 2
12 15 5
20 0 5
18 19 6
0 3 5
10 13 6
16 19 3
10 13 5
13 14 3
11 13 5
2 5 6
14 18 2
5 6 5
4 7 5
2 5 4
22 0 6
18 22 4
21 1 3
20 23 1
12 15 2
11 13 3
20 23 3
0 2 3
19 21 2
17 20 5
18 22 4
16 17 3
1 4 2
2 5 4
3 7 3
0 4 3
13 16 1
6 10 1
19 22 2
20 0 4
0 3 3
20 22 2
0 2 2
10 14 2
21 23 4
22 23 6
3 6 4
21 1 5
8 12 6
13 18 5
7 10 2
11 14 5
12 15 5
3 5 1
17 20 3
2 6 3
10 13 3
22 3 6
5 7 3
21 0 2
18 20 5
4 7 1
11 16 4
7 10 5
6 10 2
6 7 4
21 1 5
11 14 4
22 1 6
18 20 2
10 13 2
17 21 4
6 9 5
1 5 6
0 1 6
2 7 6
6 11 6
5 6 3
4 8 1
15 18 1
12 14 1
15 17 3
4 8 1
0 2 2
22 1 6
13 16 2
17 20 5
4 7 3
14 17 6
12 15 5
10 12 4
21 0 1
12 15 3
21 0 1
11 12 3
18 21 5
2 4 4
9 13 2
2 5 5
23 3 6
4 8 2
16 21 5
22 0 1
17 19 4
1 4 1
7 9 1
1 4 3
12 16 3
19 21 2
2 4 3
23 23 3
1 3 5
1 4 3
23 2 5
4 6 3
17 19 2
5 8 2
11 13 6
6 8 1
10 10 1
11 15 3
11 13 5
0 3 3
16 17 1
23 4 1
13 16 2
10 14 3
2 6 4
13 15 2
5 8 5
7 11 5
12 16 2
16 20 2
6 8 6
19 0 4
0 2 5
19 21 3
5 8 3
15 19 3
22 23 6
14 17 1
14 17 6
23 1 6
19 22 6
11 14 4
11 16 6
8 10 1
9 13 3
10 13 3
14 18 6
4 6 1
11 14 3
22 0 3
10 12 3
18 21 2
19 22 4
22 2 6
11 14 3
19 22 3
9 13 5
11 15 3
18 23 2
13 17 5
6 9 4
14 16 1
14 17 1
19 23 1
11 13 3
7 10 4
14 17 3
16 20 6
9 11 2
10 15 4
0 4 2
11 15 1
23 1 2
10 14 2
19 21 6
16 20 6
0 2 3
6 8 2
12 15 3
11 15 1
18 21 6
7 9 6
12 15 4
11 14 3
13 16 5
20 1 4
9 12 3
4 8 1
16 19 6
10 15 4
18 21 1
4 8 6
7 11 1
8 12 6
19 21 3
13 16 3
12 14 4
22 1 6
5 7 5
15 19 4
1 5 4
1 6 2
1 3 5
21 2 4
1 3 2
22 23 6
19 21 3
9 11 3
8 13 3
11 16 5
17 19 6
6 8 1
21 23 1
5 8 1
10 13 5
15 17 1
10 13 4
16 18 4
21 0 6
14 19 5
2 6 5
4 5 4
20 0 3
18 20 1
21 0 3
3 7 3
7 12 3
18 23 3
18 22 6
4 7 6
15 18 1
23 2 1
23 2 6
10 12 5
10 14 1
3 7 6
11 15 5
15 18 4
3 7 4
18 20 6
16 18 3
12 17 4
5 7 6
2 6 3
20 0 1
3 6 5
12 17 5
23 3 5
4 7 1
17 21 1
9 11 3
0 5 6
9 14 4
18 22 3
18 20 4
11 14 3
6 9 4
6 9 6
1 3 3
2 6 6
14 18 4
1 5 1
18 20 4
14 16 2
4 8 5
10 13 6
18 22 6
18 20 4
23 3 1
11 16 4
6 10 1
12 14 3
5 8 5
16 20 4
2 6 2
0 3 3
19 22 1
2 5 2
2 7 5
1 4 3
12 14 5
19 23 1
21 0 4
11 14 4
16 18 5
10 13 4
21 0 5
3 6 1
7 12 3
17 20 3
23 3 1
16 18 6
13 15 2
21 23 2
2 5 6
18 21 3
19 21 2
7 9 3
5 7 5
13 15 2
9 13 5
3 5 2
5 9 5
10 14 2
2 6 4
23 1 6
3 6 4
16 19 6
23 1 5
16 19 6
6 7 6
7 10 4
10 13 2
15 18 6
8 11 4
16 20 5
22 2 4
17 20 1
21 1 1
9 11 1
7 10 6
4 8 4
22 0 2
19 23 2
1 3 5
20 22 5
23 1 4
18 21 3
13 15 2
15 19 4
5 6 1
4 8 5
23 3 4
9 13 2
1 4 5
21 1 4
1 4 2
2 5 3
18 21 2
14 18 5
14 19 5
12 16 3
9 12 2
20 1 1
9 12 2
12 16 5
11 13 3
12 16 1
14 18 3
18 20 6
21 1 4
16 18 4
20 23 3
6 9 2
11 16 3
13 16 1
10 15 3
2 4 4
5 7 6
1 5 4
3 6 2
11 15 4
