1200 4
14 4 11 24 
16 21 3
4 8 1
11 14 3
1 3 4
17 20 3
12 14 1
1 3 3
2 3 4
6 8 3
12 15 1
23 2 1
2 5 2
5 7 3
11 15 2
9 12 4
2 5 1
6 10 2
12 13 3
21 23 3
14 15 2
17 21 2
12 17 3
11 14 3
22 2 3
22 0 2
5 9 1
3 8 2
6 9 3
22 1 3
6 11 2
14 17 2
0 3 1
13 17 2
1 5 1
12 17 2
6 9 2
17 20 4
20 0 2
14 17 4
22 0 3
4 8 3
3 7 2
11 13 1
19 23 4
19 22 2
14 16 4
11 14 1
20 23 2
20 21 4
15 17 1
20 22 1
8 10 2
21 0 2
13 15 1
8 10 3
13 15 4
2 5 1
0 2 1
10 13 1
1 5 1
9 10 2
6 8 3
10 13 2
9 10 1
7 10 2
16 18 1
20 0 1
11 14 1
4 8 1
0 5 2
14 16 1
3 6 2
16 20 4
6 10 1
13 14 4
15 18 3
5 8 4
23 2 1
5 8 1
9 12 3
23 1 3
3 6 2
8 9 1
22 0 2
20 23 2
11 15 1
15 17 2
19 22 2
4 8 4
15 18 4
15 18 2
14 17 1
5 6 2
21 1 3
19 22 3
20 22 1
18 20 3
1 3 3
23 1 2
18 22 4
12 14 3
15 19 3
19 22 3
15 18 3
7 10 4
13 16 2
16 20 1
17 20 3
21 2 2
0 3 1
3 6 2
22 1 2
14 16 4
14 19 2
17 21 3
16 20 4
2 5 3
18 22 3
2 5 4
5 8 3
23 1 3
4 5 4
1 3 1
21 1 2
13 16 1
9 11 1
6 9 3
23 3 3
11 15 4
19 20 1
9 13 1
21 0 4
22 2 2
23 2 1
23 3 4
23 1 2
17 20 4
2 6 3
20 0 4
22 4 2
1 4 2
5 8 1
18 20 2
22 1 2
22 2 4
16 20 4
5 6 4
2 5 2
12 16 1
18 20 1
16 19 3
5 9 3
0 0 4
1 5 3
1 4 1
5 10 4
3 6 2
20 22 2
20 23 3
3 5 2
15 19 1
2 5 2
12 15 3
13 16 4
2 7 3
23 2 1
10 12 3
5 8 2
2 4 2
7 9 4
15 19 4
22 1 1
3 5 2
11 14 3
8 11 4
18 20 3
5 8 2
12 13 2
3 4 1
8 10 2
17 19 1
23 2 1
11 15 3
21 0 3
23 0 1
13 16 2
3 6 1
6 10 2
6 9 1
2 4 2
22 4 4
19 23 2
9 12 4
23 2 1
23 1 4
17 20 1
19 20 4
13 15 3
1 2 3
4 6 1
1 4 3
2 5 1
19 23 4
11 15 4
13 16 2
5 6 3
16 19 4
5 10 4
19 0 2
10 13 4
3 5 3
20 23 1
11 13 4
18 21 2
2 5 3
15 17 4
2 4 2
21 0 3
16 19 1
16 18 3
23 1 3
11 13 4
23 2 3
5 9 3
2 7 3
18 20 3
12 15 1
19 21 3
4 7 2
22 0 1
18 20 2
6 10 1
13 17 1
21 23 4
16 18 4
10 13 4
13 16 1
16 19 2
11 13 2
4 6 3
1 4 4
0 1 1
11 12 1
18 22 3
11 15 1
9 15 3
13 17 3
22 2 3
18 21 3
9 11 1
2 5 3
2 2 2
18 20 2
4 7 1
10 12 4
1 2 4
20 22 4
12 15 2
0 2 1
2 4 4
5 8 4
0 2 4
18 21 3
22 0 1
23 2 4
9 12 3
17 20 1
0 2 1
21 0 1
13 15 2
6 9 3
12 16 4
10 14 3
18 22 3
3 6 4
18 20 3
10 14 4
19 23 1
23 2 4
2 7 2
22 2 2
18 21 2
15 18 2
10 14 3
5 6 1
3 5 4
5 8 2
17 20 1
7 10 3
18 22 1
13 17 4
9 12 4
10 13 3
8 11 3
15 17 1
0 2 2
17 20 2
15 16 1
8 10 4
17 20 3
11 14 2
21 23 4
12 14 1
23 1 4
15 19 4
4 6 1
1 6 1
23 2 1
11 15 2
11 15 2
2 4 4
15 17 1
23 0 1
18 21 1
15 17 4
18 19 1
20 0 1
0 5 4
2 4 2
15 18 4
2 4 4
2 5 4
14 16 3
12 14 3
20 0 4
19 22 3
17 21 3
9 13 1
14 15 4
14 14 3
18 20 2
2 5 2
4 6 1
10 13 2
23 1 2
17 19 2
6 9 4
15 18 3
0 3 1
16 18 1
8 10 4
20 23 2
23 1 2
15 17 4
14 16 2
2 5 1
3 7 3
6 9 2
1 3 4
16 19 1
1 5 3
22 1 2
9 13 2
13 16 4
10 13 1
3 5 4
9 11 1
8 11 3
20 1 4
10 14 1
9 14 2
5 9 3
0 3 2
12 14 2
5 9 4
3 5 3
4 6 4
10 12 4
1 4 2
6 8 2
20 23 2
5 9 2
0 2 1
13 15 4
15 19 3
18 22 1
4 7 4
21 0 4
21 1 2
3 6 2
0 3 3
20 22 4
17 17 2
0 2 1
4 7 2
3 6 1
16 19 3
11 13 1
10 12 4
1 3 2
8 13 4
9 13 2
17 20 1
3 5 2
16 19 4
2 5 1
10 14 2
9 11 3
17 20 2
13 17 2
2 5 3
15 19 2
16 19 3
5 7 1
7 11 1
10 15 3
7 9 3
2 5 1
15 19 2
2 5 4
13 14 1
14 16 4
15 18 4
3 7 4
9 12 3
19 22 2
17 20 2
1 4 1
9 12 2
4 7 3
12 15 4
20 22 4
18 19 3
12 15 2
6 7 1
15 20 1
1 5 3
4 8 4
12 15 3
0 2 2
17 18 2
6 7 4
21 1 1
10 12 4
7 10 1
0 3 3
9 12 4
23 2 1
23 2 4
5 8 1
18 22 1
9 12 4
15 19 2
14 17 2
2 6 3
22 0 4
10 12 4
17 20 4
3 6 3
6 10 3
5 7 4
10 12 4
2 6 1
10 15 2
20 22 3
6 10 2
22 1 3
19 23 1
5 8 1
9 13 2
10 13 2
22 1 1
11 13 1
19 0 1
11 15 2
10 13 4
9 11 1
22 0 1
18 22 4
17 21 2
18 20 4
0 3 3
11 14 1
8 10 3
5 8 4
20 22 1
12 15 4
2 6 2
3 6 1
10 14 3
10 12 1
17 19 2
20 23 3
6 9 2
3 7 4
16 19 2
11 14 3
23 3 3
9 11 2
23 2 4
0 2 1
17 21 2
20 23 1
9 11 2
15 17 2
2 5 1
9 12 2
8 9 2
18 23 3
18 21 3
18 22 3
18 21 1
2 4 2
1 2 2
5 7 2
2 6 3
22 4 4
7 10 3
2 5 4
17 20 2
3 6 4
3 7 2
21 0 3
10 12 4
19 23 2
7 10 2
17 20 4
8 11 4
21 1 1
1 5 1
10 12 3
1 4 1
2 6 4
15 18 2
23 2 2
0 2 2
12 14 1
5 8 4
4 7 3
1 4 3
12 15 3
4 7 3
1 4 3
1 3 4
21 2 3
12 14 4
14 16 1
4 6 1
21 1 1
21 2 2
13 13 3
19 23 2
2 5 4
11 14 3
11 12 1
7 11 1
9 12 2
11 14 4
0 2 1
21 22 3
7 12 1
23 2 2
13 14 1
19 23 3
9 12 2
4 6 3
14 18 4
4 7 4
4 6 3
6 9 2
20 0 2
16 18 4
9 11 1
19 21 1
2 5 1
3 4 4
10 13 2
0 2 1
3 4 4
7 11 3
3 6 2
2 4 3
11 14 4
20 23 1
20 0 3
10 14 1
12 15 2
15 18 2
20 22 2
6 8 4
20 23 2
4 7 3
14 17 4
15 18 3
10 12 2
19 21 1
9 13 3
8 11 4
15 20 3
7 11 3
11 14 4
20 23 2
13 15 1
23 2 3
13 16 2
17 19 4
23 2 1
13 16 1
23 1 4
6 9 2
20 23 2
19 22 2
5 9 1
2 5 2
17 18 4
10 13 3
16 19 3
4 8 3
8 10 1
10 14 4
17 19 3
2 7 4
15 16 1
13 18 3
16 19 3
23 1 3
4 5 3
2 5 2
4 8 2
7 11 2
18 20 3
18 21 1
0 4 1
3 5 2
8 13 1
10 12 4
13 16 3
2 3 3
0 2 4
6 9 1
15 17 1
1 4 2
13 17 2
15 19 3
14 19 3
18 21 3
0 4 1
17 20 2
10 15 1
1 4 2
13 16 2
21 0 2
20 23 4
7 10 3
12 15 3
20 23 2
4 7 2
6 11 4
19 23 3
19 23 2
8 11 2
15 19 1
6 9 1
5 7 3
15 15 3
7 10 1
18 21 3
2 4 3
13 16 3
18 22 1
14 18 4
21 1 2
7 8 3
7 9 2
13 14 2
5 8 1
6 10 4
10 14 1
2 5 1
20 0 4
16 18 2
18 21 4
13 14 4
17 20 2
23 2 4
4 7 4
8 10 4
23 2 2
21 0 3
20 23 3
14 18 3
19 23 3
10 13 2
19 20 2
17 20 2
12 14 2
20 22 3
10 13 3
4 6 2
9 12 4
19 22 3
3 5 3
22 1 1
10 13 2
10 13 4
6 10 4
23 2 1
10 14 3
2 7 4
20 0 1
5 9 2
7 9 4
18 22 2
16 19 4
4 6 1
23 2 3
15 18 4
0 3 2
2 6 4
13 15 2
3 6 4
1 3 2
18 19 1
3 3 3
12 15 3
9 11 4
10 14 3
19 23 3
2 6 1
10 12 3
15 17 1
6 9 3
9 13 3
17 21 3
18 19 4
7 11 1
1 5 1
10 12 1
0 2 1
3 8 4
0 2 1
13 15 4
5 7 2
1 4 4
9 11 4
22 1 4
11 14 3
15 18 1
14 16 4
16 19 1
23 1 3
2 5 2
19 22 2
9 13 4
9 12 1
16 19 4
1 4 1
7 9 2
22 1 2
10 12 4
20 1 2
22 0 3
3 6 2
9 13 1
0 1 2
5 7 2
6 9 2
18 20 2
0 3 4
7 9 3
9 12 2
17 20 3
21 23 1
22 2 4
22 1 4
18 20 1
12 15 1
16 19 4
0 4 3
3 5 3
23 2 4
15 20 3
8 12 3
1 6 1
19 22 1
3 7 3
22 1 2
12 15 4
23 0 1
1 5 3
8 10 3
8 10 4
21 23 1
2 3 1
7 11 3
8 11 2
5 11 3
12 16 3
18 21 3
22 3 1
16 20 1
20 23 2
16 19 3
12 14 3
15 19 3
11 14 1
15 18 2
23 2 3
13 17 2
7 9 4
3 6 2
17 19 3
12 15 3
8 10 3
2 6 1
10 14 4
19 22 4
6 9 1
4 6 3
12 14 2
10 12 4
10 13 4
15 18 2
16 19 4
2 6 3
7 9 3
7 10 1
10 11 2
12 16 2
22 3 2
0 4 3
19 23 3
8 9 1
4 7 1
18 21 4
6 8 2
10 16 1
6 9 3
3 5 4
14 17 3
15 18 3
14 18 3
4 8 4
0 4 2
14 19 1
1 4 2
7 10 4
10 14 4
16 19 2
19 22 1
5 6 2
17 20 4
11 13 2
4 6 3
1 4 4
7 8 3
8 11 1
12 15 3
8 9 4
3 6 1
3 7 4
5 7 3
4 6 3
5 7 2
8 14 1
1 5 3
12 14 3
7 11 1
5 8 2
22 0 1
5 8 1
20 22 3
23 0 2
10 12 2
2 5 2
23 2 4
8 11 1
3 7 4
11 15 2
13 17 3
8 13 3
17 19 4
18 19 1
2 4 1
14 16 1
21 1 4
5 8 2
18 19 4
19 22 3
0 4 1
9 13 2
7 11 3
7 9 3
14 17 1
0 2 2
20 23 1
5 7 4
21 1 2
5 8 1
8 9 2
10 14 3
4 6 2
19 23 2
2 6 4
15 18 4
21 0 4
8 10 3
2 5 4
20 23 2
21 0 2
15 18 3
4 8 3
23 1 1
6 11 1
3 8 2
1 4 1
1 4 3
7 9 1
18 22 2
21 0 3
6 9 2
1 4 4
5 7 3
2 5 3
13 16 3
16 20 1
8 10 1
6 9 4
1 5 4
3 3 3
11 13 1
3 5 1
13 15 2
16 19 1
12 15 1
10 13 1
18 21 3
10 15 3
10 12 1
20 0 3
8 12 4
9 13 2
0 5 2
6 10 1
1 5 3
17 20 3
18 21 3
14 16 2
12 16 1
6 10 3
7 12 1
16 20 1
5 10 2
10 12 4
8 11 3
19 23 1
14 16 3
10 14 4
13 17 2
0 4 2
13 17 2
22 1 3
20 23 4
8 11 1
13 17 2
9 12 3
14 16 3
21 2 2
12 15 1
15 19 4
10 14 1
1 4 1
1 4 1
22 2 1
18 21 3
11 15 1
15 18 3
9 13 4
7 10 1
19 22 1
9 14 2
21 1 1
19 22 4
16 19 1
3 7 1
14 18 3
16 19 3
16 19 4
8 12 2
16 18 4
6 9 2
10 14 1
23 2 2
22 1 3
13 15 3
7 10 2
15 20 3
13 17 4
14 19 2
17 20 3
23 0 2
1 5 3
3 4 2
22 2 4
8 12 3
8 13 1
16 19 3
2 5 1
6 11 1
23 4 1
0 2 3
0 2 3
9 12 2
1 5 1
15 18 4
4 7 4
8 11 3
2 6 2
20 23 1
14 19 1
7 9 4
19 22 3
12 13 2
8 11 4
1 3 4
21 2 4
3 6 2
0 3 1
10 14 1
18 22 3
20 23 4
4 7 1
3 7 1
4 9 1
20 0 1
11 14 1
12 16 2
0 4 4
15 19 1
9 12 2
15 18 2
18 22 4
19 21 2
3 8 1
6 8 1
6 8 2
7 9 1
12 14 1
16 19 4
20 22 1
16 17 2
10 11 4
16 19 1
7 9 3
16 18 2
19 0 3
22 2 1
2 6 1
3 7 2
22 1 4
23 1 2
10 10 1
3 7 4
20 0 4
18 22 3
0 4 2
13 15 1
11 12 1
13 16 1
16 20 3
6 7 1
8 11 1
11 12 3
20 22 2
6 9 4
20 23 4
4 7 4
10 13 1
16 21 2
1 5 4
12 14 1
5 8 1
10 13 2
21 23 2
4 7 2
21 0 3
8 12 4
10 13 4
19 22 4
9 12 2
22 1 3
5 7 2
6 9 3
8 11 2
7 12 2
7 11 3
21 0 3
3 5 2
2 4 4
3 6 4
19 21 3
10 12 4
16 18 4
8 12 1
13 16 2
18 21 3
3 6 3
14 17 4
10 12 2
18 23 4
6 7 1
22 2 1
11 16 2
11 14 2
1 4 4
14 15 3
10 12 3
22 23 2
10 13 4
22 3 3
12 15 4
16 20 4
9 13 4
2 5 3
0 3 1
17 18 2
21 0 4
6 10 3
19 0 1
14 17 3
15 18 1
18 23 2
2 4 4
19 22 4
3 7 4
20 23 2
0 4 2
20 0 4
15 18 2
16 20 4
10 13 2
6 10 1
5 7 3
1 6 1
9 12 2
21 22 3
20 22 4
10 12 3
18 21 1
1 6 4
10 12 4
22 2 2
10 13 3
6 9 1
2 5 1
23 3 4
0 1 1
11 14 2
9 11 4
1 4 2
13 15 1
6 8 1
0 3 3
18 22 3
15 16 2
1 4 4
3 6 2
18 19 1
11 15 4
2 6 2
20 0 1
9 11 2
2 6 1
19 22 4
17 20 3
1 3 1
15 19 4
14 18 3
0 4 3
12 15 4
19 22 4
16 20 2
6 8 3
0 4 4
9 13 3
10 14 1
21 20 2
15 18 4
18 22 2
3 6 3
20 23 4
1 3 4
17 22 3
4 6 1
17 19 4
20 0 3
15 19 1
17 20 2
17 19 4
3 7 4
19 21 3
16 17 1
21 0 2
23 1 3
23 1 3
10 13 3
1 2 2
22 1 1
5 7 1
21 23 4
