1000 5
5 14 8 6 22 
3 7 5
0 1 4
8 10 3
8 12 2
19 22 4
18 21 2
15 18 2
7 10 1
0 4 3
0 2 2
19 0 3
21 1 3
18 21 2
13 17 4
16 19 1
17 21 1
13 14 5
6 9 5
6 10 3
20 22 4
23 2 3
15 19 1
12 15 4
15 17 5
18 23 1
1 3 4
4 6 1
12 14 5
9 13 3
18 21 4
2 6 1
15 17 3
16 19 5
13 18 4
16 20 3
8 11 4
17 21 2
10 11 4
23 0 2
17 20 1
4 8 1
9 12 4
22 23 1
1 5 1
17 19 3
17 20 2
8 12 3
15 18 5
14 16 4
22 2 4
12 15 5
7 11 5
18 21 5
15 15 1
3 5 4
0 2 3
16 18 1
3 6 2
21 2 3
5 9 5
21 0 4
5 9 1
18 22 2
0 4 3
0 4 4
18 22 4
3 6 1
16 18 1
20 23 5
0 4 5
16 20 4
6 10 4
0 3 1
9 11 5
22 0 1
22 1 4
10 13 5
11 14 5
3 5 1
22 2 5
11 14 1
21 23 2
0 3 5
4 9 4
3 7 2
19 22 3
21 1 3
9 12 1
22 1 2
18 20 4
12 14 2
16 20 5
21 0 3
22 0 5
10 13 2
19 21 3
13 15 4
19 23 1
9 10 1
0 2 1
13 16 3
14 17 3
17 21 4
13 17 4
9 13 1
21 0 4
6 9 2
21 1 3
16 20 5
12 16 5
20 23 1
0 3 4
18 20 3
0 2 2
19 23 1
12 15 4
6 9 5
14 19 3
10 15 5
5 7 2
13 17 5
8 10 5
19 23 1
1 5 2
0 6 5
5 8 5
0 4 4
6 7 2
16 19 3
19 23 5
11 14 4
0 5 3
22 0 5
11 15 4
23 0 2
1 4 1
8 11 4
20 23 4
18 21 4
19 23 5
18 21 3
3 5 3
13 17 5
16 19 3
19 21 5
4 6 1
12 15 5
19 21 5
19 22 2
2 6 2
3 5 5
3 5 5
21 0 4
18 21 1
16 20 3
16 17 4
5 7 1
9 13 4
7 11 1
23 0 5
22 1 5
10 12 1
21 1 3
19 21 4
11 13 1
23 1 3
20 23 4
0 3 4
3 6 4
23 3 3
0 3 3
10 14 4
2 5 5
16 21 4
7 10 3
17 20 3
18 21 2
5 9 3
21 0 4
0 3 1
15 19 3
17 20 1
15 16 3
22 1 1
6 7 5
21 1 3
11 14 2
7 11 5
10 13 4
4 8 1
7 9 4
0 3 1
11 15 1
11 12 4
0 2 1
11 14 4
5 8 5
11 16 5
22 1 5
22 0 2
4 7 1
0 2 1
7 10 5
16 21 4
17 19 2
7 8 5
6 8 2
4 7 3
21 22 1
15 19 5
21 22 1
18 23 3
0 3 1
20 23 1
22 1 1
23 4 5
9 13 1
20 22 2
4 7 2
8 10 3
23 3 1
15 17 1
8 12 2
7 11 2
21 22 2
14 18 3
23 3 4
5 9 2
7 11 3
15 18 1
6 9 3
11 14 5
23 1 1
21 23 5
16 20 1
7 11 3
4 6 4
20 22 2
12 14 3
20 0 1
19 23 2
12 15 2
16 20 5
19 21 4
6 7 5
5 6 4
19 0 5
20 23 4
1 4 4
11 14 2
18 22 5
10 11 2
12 16 2
2 5 5
0 2 5
8 9 2
20 23 4
3 6 2
16 20 4
0 3 1
15 16 2
20 0 1
16 20 3
18 23 1
5 9 3
22 0 1
9 12 5
23 1 3
2 5 3
3 6 1
10 12 2
20 23 3
22 0 1
0 4 3
0 3 5
5 9 5
0 3 4
21 1 5
10 15 4
11 14 2
6 10 2
19 22 3
7 10 3
8 10 5
20 0 2
12 14 1
10 13 2
10 13 2
16 19 2
1 4 4
8 10 4
3 6 4
2 5 3
7 10 3
7 10 4
4 7 2
23 3 4
20 23 4
14 18 3
6 9 5
1 4 3
17 20 3
9 11 2
12 15 1
23 1 4
19 21 3
21 1 3
16 19 2
20 23 1
5 6 4
21 1 3
1 3 1
4 7 5
2 3 4
22 1 5
5 10 5
20 0 4
13 16 2
11 15 2
21 0 5
5 10 2
20 1 1
18 21 5
6 9 3
0 3 1
14 17 3
20 23 2
10 14 5
17 20 1
4 6 5
3 7 3
0 4 1
19 0 2
5 8 5
8 11 4
17 20 4
12 14 3
8 10 2
4 7 2
8 10 3
9 12 1
8 10 4
3 5 1
16 20 5
21 2 3
8 11 5
21 21 1
11 14 2
1 4 2
0 4 1
6 9 2
5 9 5
3 5 3
12 14 2
15 19 4
13 16 5
9 13 3
17 20 5
12 15 2
21 23 3
13 14 3
19 22 2
1 4 3
19 21 5
17 20 4
3 5 3
23 1 2
6 7 5
15 18 5
3 5 1
8 10 1
2 4 5
12 16 2
8 11 3
3 5 5
6 9 2
0 4 1
14 16 1
10 12 4
22 0 5
11 16 1
22 1 4
15 17 3
17 22 5
17 21 1
11 14 5
17 20 3
23 1 5
21 2 2
14 17 1
12 16 1
22 1 3
18 21 2
17 19 5
14 17 1
19 0 1
12 16 1
5 8 1
6 9 2
22 2 1
9 11 4
7 9 5
6 7 5
15 18 3
3 4 5
3 5 2
21 1 3
23 2 1
23 4 2
2 4 4
10 14 4
18 21 5
21 0 5
4 6 4
21 22 5
15 17 5
22 2 5
10 12 2
3 4 4
17 21 3
10 13 4
12 14 1
17 20 1
6 10 5
22 0 1
10 12 4
14 18 5
23 2 3
22 1 3
5 9 5
20 23 3
9 13 3
2 7 5
20 22 3
9 11 2
12 15 1
19 22 5
21 0 2
16 20 1
0 4 4
13 16 4
12 14 4
23 0 3
19 23 3
8 10 3
7 10 2
6 9 2
6 9 1
18 21 5
22 2 1
13 17 5
1 3 2
3 6 3
5 6 3
12 14 4
22 0 4
16 18 1
7 10 4
9 12 4
22 0 2
16 18 4
17 18 4
22 3 4
4 7 3
17 21 4
5 8 3
12 14 4
20 23 5
11 13 2
6 8 2
2 4 5
20 21 2
21 0 3
4 10 2
20 0 1
0 4 3
13 16 1
15 19 2
12 16 3
2 6 3
15 19 2
1 5 3
4 5 1
18 21 4
6 10 5
18 20 4
12 16 3
4 7 1
20 23 2
19 23 3
11 14 1
7 11 5
14 18 4
23 2 5
3 9 3
10 12 3
2 5 5
18 22 2
15 19 5
4 9 2
23 2 4
20 1 1
1 3 5
5 8 1
10 13 1
16 18 4
2 5 2
7 9 1
9 12 4
18 20 1
1 3 5
22 0 5
12 16 2
0 3 2
7 8 1
12 13 3
1 4 4
14 15 4
15 18 2
6 11 2
20 22 3
6 10 3
6 9 4
21 0 4
23 4 1
1 4 2
0 4 1
3 6 4
21 23 3
11 14 5
0 2 4
13 16 4
18 20 4
23 1 3
16 18 4
12 16 4
5 9 4
14 16 1
16 18 4
19 23 5
19 22 2
10 13 1
9 12 1
4 6 1
23 3 3
1 5 4
1 5 4
0 4 5
1 7 1
14 17 2
17 22 4
12 14 2
8 13 4
22 1 5
20 23 3
20 0 2
12 16 1
16 19 2
2 5 3
16 19 1
4 8 3
2 4 5
5 9 5
2 3 1
2 5 3
12 18 3
21 0 2
16 20 4
17 23 1
5 8 3
2 7 4
7 11 3
19 21 4
17 20 3
16 19 1
0 2 1
0 2 5
8 11 3
16 19 3
20 20 2
7 9 1
19 21 5
5 8 2
9 12 1
19 21 3
22 0 1
22 0 3
3 9 2
13 16 1
9 10 3
4 6 1
12 14 1
12 14 1
10 15 2
16 19 1
13 15 3
5 7 2
7 12 4
9 12 4
20 0 3
19 21 1
10 13 1
13 16 1
5 8 4
8 12 5
7 10 3
8 12 2
10 14 1
14 17 3
20 23 5
19 21 4
16 17 2
1 5 4
4 5 3
17 19 3
18 21 5
16 19 2
22 2 5
10 13 3
8 12 2
12 14 4
21 23 4
4 7 2
23 3 3
5 8 5
21 22 2
16 19 3
12 14 5
11 15 4
11 15 1
8 11 4
23 2 1
22 23 3
22 1 2
7 9 4
23 2 1
19 21 3
10 13 2
13 17 4
14 17 4
18 20 2
7 9 2
16 19 1
7 10 2
5 8 2
15 17 5
4 8 4
3 5 1
20 0 1
16 19 5
5 8 4
9 11 2
11 12 5
9 13 4
1 3 3
17 21 5
17 19 5
8 10 4
10 15 2
18 21 4
17 20 3
2 4 3
6 10 5
6 8 1
2 5 4
16 17 2
17 20 5
8 10 2
17 20 1
13 14 4
8 11 1
7 10 5
8 11 4
17 21 5
21 0 5
7 9 2
3 6 4
12 16 5
6 8 3
8 10 3
6 9 5
22 1 3
23 4 3
20 23 3
5 8 1
5 8 1
2 4 4
5 8 3
8 10 5
0 2 5
6 9 1
2 5 1
10 13 1
21 1 5
5 9 5
12 15 3
8 11 5
15 17 3
6 9 1
18 19 5
7 10 1
5 8 4
23 2 4
18 23 2
16 20 4
11 15 2
18 21 3
21 2 2
2 5 1
3 6 5
5 8 3
9 10 3
14 17 2
0 2 1
4 6 1
7 9 4
2 4 5
4 9 3
12 16 5
18 22 2
14 16 1
7 10 4
8 11 1
19 20 4
17 22 3
8 9 2
1 4 4
6 10 2
11 15 1
23 3 5
15 17 4
16 19 2
13 17 1
20 23 2
3 3 2
15 17 3
8 12 3
0 2 3
4 8 3
5 10 4
11 14 3
23 2 2
19 22 3
1 5 4
21 23 4
8 10 2
16 19 3
10 14 5
10 11 2
4 6 1
14 16 1
20 23 5
3 7 3
19 22 4
7 10 2
6 7 5
6 9 5
22 1 1
15 18 4
5 8 4
5 8 4
10 14 1
6 10 3
23 1 2
9 11 4
23 3 2
11 12 3
20 23 4
17 20 5
7 9 5
13 16 3
14 17 5
1 5 4
3 6 4
7 10 2
23 2 5
20 23 4
14 19 1
2 4 3
4 7 5
1 5 5
8 12 4
1 4 4
18 20 4
20 22 1
5 9 3
16 19 1
21 0 4
17 22 1
16 17 3
16 21 4
18 21 5
6 8 1
12 16 5
8 12 2
13 15 1
11 15 4
10 14 3
10 12 2
19 22 2
12 16 3
19 22 5
9 12 1
22 2 4
1 3 4
13 17 1
15 18 3
23 0 5
14 17 4
18 23 5
18 22 2
1 3 5
1 5 1
21 0 2
2 4 1
0 1 2
16 17 2
18 22 3
11 15 2
11 13 4
8 10 2
7 8 4
11 14 2
2 4 3
4 5 1
0 3 2
17 20 1
3 7 3
0 3 3
1 3 4
9 11 2
11 13 4
2 5 1
0 3 3
3 7 2
1 3 1
3 5 3
21 2 2
22 2 5
9 11 2
10 13 1
2 5 4
11 15 3
10 12 3
12 15 3
14 18 5
2 5 3
23 3 1
16 19 2
17 21 1
15 19 3
23 2 4
1 4 1
15 19 2
3 5 5
8 10 2
18 22 1
6 10 5
13 15 5
13 16 4
8 9 4
1 6 2
19 22 1
7 10 1
14 18 2
6 9 4
10 14 3
15 20 5
20 0 5
2 6 2
18 21 3
12 13 1
6 10 5
22 23 1
23 2 1
22 2 1
13 16 5
7 11 1
20 23 3
0 3 5
13 15 3
1 5 3
22 0 1
0 2 5
0 3 4
9 15 3
3 7 4
9 12 4
10 13 4
10 13 3
21 0 1
9 13 5
18 22 2
17 22 4
13 16 4
12 14 1
21 1 2
22 1 1
4 6 5
9 13 3
23 2 3
19 23 1
6 8 3
15 17 5
22 1 5
2 4 1
3 7 1
8 13 3
21 1 4
7 11 1
12 13 4
15 20 1
15 18 2
11 14 4
16 19 4
18 21 1
4 7 3
15 19 3
20 23 1
10 15 1
16 20 2
17 20 3
9 12 2
3 6 4
15 17 1
10 14 1
22 2 2
21 0 2
16 19 4
8 10 1
3 6 4
23 3 4
22 0 5
18 22 1
4 6 2
14 18 5
7 13 1
13 16 5
13 16 5
9 14 4
1 6 4
3 3 3
1 6 3
22 23 5
10 14 2
19 22 4
10 12 1
10 12 2
22 3 3
7 11 3
22 1 2
6 10 3
13 16 1
23 1 5
20 23 5
8 9 3
5 7 1
13 16 5
20 23 2
8 9 4
0 2 3
5 8 3
8 11 2
15 19 1
1 3 5
21 0 3
22 1 5
19 22 5
21 23 3
5 7 3
19 22 1
2 4 1
2 5 2
3 6 2
17 21 4
18 19 4
14 18 4
22 1 3
22 2 3
10 13 3
10 11 1
16 19 1
16 19 5
23 2 3
7 9 2
10 14 2
9 13 4
5 6 2
19 22 4
5 7 2
15 19 2
18 22 3
0 4 2
6 10 5
3 7 2
6 9 5
21 1 4
18 21 4
23 2 3
15 19 2
