1700 4
7 23 5 4 
18 21 2
3 6 1
19 22 3
3 5 2
21 1 2
4 8 1
19 22 3
8 11 3
23 4 1
4 5 3
10 16 1
12 14 2
12 16 2
1 6 3
18 20 1
23 2 1
15 18 3
2 6 3
2 4 3
16 18 1
10 13 2
7 10 2
9 11 2
3 6 1
0 3 4
1 3 1
17 21 2
17 20 1
10 14 1
18 20 2
6 9 3
18 21 2
18 21 3
0 2 3
22 2 1
20 0 3
22 2 1
19 23 2
17 20 4
1 2 2
19 23 4
9 13 4
19 21 1
1 3 2
6 9 3
21 0 4
8 11 2
11 15 4
8 12 4
13 16 2
17 19 2
3 6 3
3 6 3
0 1 4
22 0 4
17 19 2
17 19 3
7 10 2
18 21 4
23 2 3
5 8 1
5 9 3
15 18 2
14 18 3
13 17 4
12 15 4
6 9 1
7 11 3
21 0 3
1 4 1
9 11 3
21 23 1
18 21 4
18 22 4
23 1 1
7 10 4
0 4 2
15 18 4
1 3 3
9 12 2
20 1 4
1 4 4
1 3 2
16 19 4
15 20 1
7 11 1
1 4 4
21 23 2
19 23 1
9 11 4
10 14 1
8 11 4
22 1 4
15 17 1
8 10 4
22 2 2
6 9 4
19 19 1
12 14 2
13 18 2
11 15 1
19 22 3
17 20 2
18 19 2
14 18 3
21 23 2
17 19 1
20 23 1
16 18 2
2 4 2
21 2 4
8 11 1
16 20 2
5 9 4
0 3 3
21 1 1
12 15 3
6 9 2
12 15 4
11 14 2
5 6 3
22 1 1
23 3 3
15 18 3
12 17 2
22 23 2
11 12 2
16 19 3
17 19 1
13 15 2
12 16 1
3 7 1
17 20 2
14 17 1
6 10 2
13 18 1
23 2 1
15 19 3
22 1 1
13 15 2
21 0 2
2 3 2
7 11 1
14 16 2
0 4 2
19 23 4
20 1 1
4 6 4
6 9 3
1 3 1
9 12 3
5 8 2
14 17 4
6 9 2
16 20 1
21 1 1
8 12 1
12 15 4
9 12 1
17 19 3
12 14 3
8 12 4
15 18 4
21 0 1
20 22 4
11 14 3
23 2 1
12 15 1
11 13 3
23 2 3
3 6 1
9 12 3
11 15 3
18 21 1
10 11 1
21 23 1
22 1 2
2 4 1
18 21 1
0 4 3
2 8 1
22 3 1
16 18 3
5 9 1
18 23 3
11 15 4
12 15 2
6 10 1
4 7 3
7 10 4
11 14 1
17 21 2
1 5 4
18 20 4
10 12 1
9 11 1
17 20 2
23 0 2
20 0 3
6 7 2
0 3 3
21 1 3
7 11 1
15 17 2
17 21 4
16 20 1
23 2 4
15 19 1
21 1 1
1 4 2
20 0 2
18 22 4
18 20 4
20 22 3
2 4 4
1 5 1
10 15 2
20 1 3
16 17 2
22 1 4
7 11 4
16 20 3
19 22 1
14 17 1
22 1 4
7 10 2
13 18 2
9 13 1
17 20 4
13 15 3
7 11 1
11 16 1
22 0 2
0 2 3
22 1 4
4 7 4
19 20 3
22 2 1
3 6 3
16 21 1
12 13 3
18 20 2
1 6 3
7 9 2
14 18 1
6 9 4
14 19 2
20 23 3
19 22 1
9 12 4
22 2 4
20 21 1
4 6 3
1 4 1
4 8 3
6 11 1
5 9 1
1 5 1
23 2 2
22 0 1
2 3 1
19 23 3
23 1 4
21 0 3
3 5 1
7 10 3
11 14 3
8 11 1
21 2 3
14 16 3
9 13 2
2 4 3
14 18 3
20 22 3
8 10 4
21 1 4
14 18 4
17 20 3
9 11 3
12 16 3
5 8 3
8 13 3
21 0 4
13 14 1
22 1 3
12 16 3
22 1 4
1 4 4
15 18 1
9 11 1
10 14 4
4 9 3
3 6 1
10 12 4
23 1 2
0 3 1
17 20 3
3 4 1
4 9 1
19 20 3
14 18 1
13 15 2
18 20 2
17 20 1
9 13 1
22 1 3
8 13 4
4 6 4
11 13 4
15 18 2
20 23 4
1 5 2
11 15 3
21 0 2
20 23 4
8 11 4
11 14 4
17 20 3
4 7 3
20 0 2
2 5 3
7 10 2
2 5 3
12 15 3
12 16 1
5 9 4
7 11 2
19 22 2
14 16 4
9 12 2
19 21 2
5 9 3
21 0 2
17 21 3
13 17 4
4 6 1
0 4 2
11 16 3
19 21 3
9 14 4
17 18 4
22 1 1
12 16 1
19 22 1
8 11 4
13 16 1
21 0 1
10 13 3
8 12 2
5 7 2
5 8 3
23 1 1
15 18 2
23 2 2
23 2 3
6 8 2
4 6 3
20 0 4
20 0 3
18 22 2
5 7 2
19 22 4
5 9 3
17 21 1
13 18 1
9 11 1
23 1 1
13 17 4
23 2 3
5 8 1
9 12 3
6 8 4
13 15 4
6 9 3
18 20 3
8 11 3
20 23 4
2 6 4
3 5 4
5 7 3
19 23 1
5 8 4
19 23 1
1 2 2
6 10 1
11 14 3
2 6 2
1 4 2
11 16 1
15 17 4
9 13 3
22 1 4
8 11 1
20 22 4
1 5 1
15 18 3
9 12 1
20 23 3
1 4 4
4 7 2
14 18 1
13 14 2
16 18 4
3 4 2
16 19 3
23 2 1
9 12 3
3 5 1
17 21 2
17 20 1
5 7 4
22 23 3
16 18 2
18 20 4
15 18 2
6 8 4
16 19 1
2 4 2
10 12 1
23 1 2
18 20 3
12 14 4
6 9 3
3 4 2
13 16 1
15 18 4
22 0 1
22 0 3
17 20 4
20 0 1
19 22 4
16 18 1
19 22 4
10 12 3
11 14 4
9 11 4
19 23 1
17 21 1
7 10 1
20 23 1
6 9 4
20 23 3
21 23 4
20 22 1
21 0 1
22 2 4
6 9 1
19 22 2
19 22 2
9 12 1
18 21 1
17 20 2
5 8 1
10 11 4
21 23 2
11 15 2
3 6 2
17 19 3
5 8 1
15 18 3
13 17 4
15 19 4
4 7 4
3 7 4
17 20 1
6 9 1
19 22 2
1 2 2
0 4 1
7 10 2
11 13 1
15 17 2
3 6 2
12 14 4
0 1 3
5 9 1
23 23 1
19 23 3
21 1 2
18 21 4
15 17 2
4 6 1
1 5 4
22 3 4
18 19 4
2 4 4
14 17 3
16 18 1
4 7 4
23 2 4
5 6 3
14 16 4
22 0 3
22 2 3
21 23 4
2 5 1
8 11 2
1 4 3
13 16 2
9 12 1
22 4 2
2 6 2
21 0 3
10 12 1
8 11 2
19 23 4
6 8 4
3 6 1
10 12 3
22 0 1
20 22 4
21 22 4
8 10 4
16 18 3
3 4 2
14 17 4
1 3 3
8 11 1
17 21 4
16 20 4
14 19 4
10 14 2
3 6 4
14 18 3
13 16 2
2 5 3
19 23 4
8 12 1
1 4 1
5 8 2
1 4 3
16 21 2
3 7 4
7 11 3
0 4 1
6 9 4
11 14 4
16 18 2
4 5 3
5 10 3
21 1 2
19 22 4
11 13 4
0 3 2
15 17 3
4 6 3
19 23 3
20 0 4
12 14 4
17 20 1
20 21 4
2 6 2
15 17 4
7 10 4
19 23 2
5 7 3
13 20 4
21 1 4
10 14 1
4 6 2
21 0 3
18 20 4
13 17 4
2 8 1
10 12 2
4 6 2
14 18 4
1 5 1
7 11 1
7 11 1
21 1 3
9 13 1
1 4 1
15 18 1
3 8 3
23 3 4
20 0 3
7 10 3
9 14 2
15 19 2
6 10 1
5 10 3
13 15 1
12 14 2
7 11 2
23 2 4
15 18 2
14 18 4
7 9 3
2 3 2
0 2 1
23 2 4
18 20 1
14 18 1
3 7 3
8 11 3
20 0 2
1 2 2
6 6 3
18 22 3
22 2 3
4 7 1
22 2 3
23 1 1
11 14 4
21 0 1
7 10 3
23 2 3
11 14 2
0 4 2
15 18 2
9 11 2
23 2 2
9 11 1
18 22 3
10 14 2
19 19 3
11 15 3
9 13 3
10 15 3
7 11 4
23 2 3
5 8 3
16 19 2
7 9 1
4 6 4
11 15 2
15 18 1
15 18 4
11 15 1
11 12 1
13 15 1
22 0 3
7 11 1
9 12 2
1 3 1
14 16 1
4 7 2
5 8 2
4 7 3
19 22 4
14 18 3
12 15 1
14 17 4
0 0 4
11 15 4
9 14 1
18 20 1
3 7 4
10 13 4
12 17 2
9 13 2
23 2 4
11 14 3
3 6 4
13 16 3
16 20 1
20 22 4
0 3 3
5 8 4
0 2 3
3 4 3
17 20 4
23 2 4
4 7 2
6 9 2
18 20 4
14 19 1
22 1 3
4 6 3
2 6 2
14 18 4
3 6 1
18 22 3
22 0 4
1 4 1
21 2 3
6 7 3
1 3 4
13 14 3
17 20 3
4 8 1
1 5 2
16 20 3
8 11 2
5 8 3
8 12 3
20 0 4
23 2 1
21 0 3
4 8 4
8 12 1
19 22 2
23 3 3
13 17 3
16 20 1
13 15 2
8 12 4
23 1 4
23 0 3
20 22 3
8 11 4
19 22 3
18 21 1
2 5 4
0 2 4
2 5 3
16 18 4
3 7 1
6 8 2
19 21 4
12 14 4
18 20 1
7 10 1
3 6 2
14 16 2
23 2 1
12 15 2
17 22 4
10 14 2
10 13 3
5 9 3
23 0 1
8 12 4
3 6 1
0 3 2
8 10 3
18 21 3
14 17 1
11 14 1
21 22 1
5 7 4
23 1 1
20 23 3
4 7 4
21 23 2
7 10 1
15 17 4
13 16 2
19 21 4
16 17 3
14 18 3
9 13 3
0 2 1
8 12 4
15 16 3
0 4 2
21 22 4
15 19 1
16 19 3
6 8 4
20 0 2
12 15 4
16 19 1
16 18 3
16 19 1
0 3 3
18 21 4
22 1 1
5 7 3
19 21 4
6 9 4
19 21 4
6 8 3
17 22 1
5 7 2
23 2 1
3 5 1
2 5 1
1 4 4
21 0 2
5 7 1
21 1 4
8 11 3
3 6 1
12 15 1
22 2 2
23 3 4
1 3 2
21 23 3
20 21 1
22 2 2
12 16 4
12 16 1
23 2 4
16 20 2
16 20 3
13 15 4
12 14 3
15 18 3
3 7 2
17 21 2
0 3 4
22 0 1
20 23 1
19 22 4
20 23 3
21 0 1
1 4 2
10 12 3
5 11 4
14 17 4
12 14 3
19 22 2
18 22 4
3 7 1
14 16 2
13 18 4
16 18 1
3 5 4
1 5 1
15 18 1
19 22 2
7 10 3
9 12 4
3 7 1
17 19 1
17 18 3
17 19 4
5 6 4
2 6 1
17 23 4
21 1 3
3 4 3
19 23 3
11 14 1
18 21 1
19 22 2
0 2 2
11 13 1
1 5 4
5 8 1
21 23 4
12 16 1
14 16 4
17 20 3
6 8 3
22 1 4
15 18 3
14 19 2
1 6 2
3 4 2
14 18 2
19 20 1
16 20 4
2 4 4
9 12 1
17 23 4
17 18 4
22 1 2
23 2 4
10 12 3
9 12 3
7 9 2
7 9 4
10 12 3
16 19 4
20 22 1
10 14 4
0 4 4
17 21 2
5 9 1
11 15 2
10 13 1
6 10 1
18 21 4
7 9 1
1 3 3
12 15 3
22 1 4
5 7 1
19 20 3
4 8 4
7 10 2
20 22 1
2 4 4
2 6 4
0 3 2
17 19 2
16 18 3
20 22 1
10 12 1
6 10 1
19 21 1
6 9 2
5 10 3
19 21 3
8 12 3
7 11 1
18 21 4
17 21 3
14 16 1
18 21 3
5 8 3
13 16 1
16 18 2
13 15 1
16 18 4
17 20 1
22 1 2
23 1 3
10 12 2
10 13 1
21 0 2
14 19 2
19 22 3
2 6 1
2 7 3
1 4 2
17 21 1
17 19 1
10 12 2
10 13 2
10 13 2
14 17 1
13 17 3
14 16 3
11 13 2
1 5 2
4 7 1
13 15 4
4 7 2
9 13 2
2 4 3
14 18 3
20 23 3
2 4 2
18 22 3
11 13 1
16 19 4
9 13 4
2 5 4
8 10 1
3 5 1
4 7 3
11 14 2
20 21 4
15 18 4
9 13 4
22 1 3
9 12 4
8 10 3
4 6 1
8 12 3
21 22 1
22 1 1
22 0 1
15 17 3
19 23 1
13 17 4
13 15 4
16 19 1
21 0 4
12 14 3
12 15 1
21 0 2
15 17 1
17 21 3
12 14 4
22 2 1
16 19 3
1 5 1
21 1 2
4 7 4
5 10 1
17 22 3
1 4 3
12 15 3
11 15 3
17 19 1
0 4 4
15 20 3
12 17 3
0 7 3
4 6 2
18 22 4
9 11 1
2 5 4
19 21 3
20 23 2
9 12 1
13 15 1
7 11 1
20 23 3
0 4 2
11 14 1
6 12 3
22 2 1
9 13 4
23 1 1
6 11 4
19 21 2
20 23 1
9 12 2
10 12 2
13 16 1
15 17 4
0 2 4
3 7 4
10 13 1
23 1 4
10 14 4
17 19 4
16 18 4
12 14 1
17 21 1
4 7 4
19 22 4
16 18 3
23 3 2
13 17 2
9 12 2
19 21 3
4 7 4
10 14 3
15 20 2
3 5 3
4 7 1
7 10 4
21 0 1
11 14 2
4 5 2
8 11 1
8 10 4
16 21 3
20 23 2
22 1 4
4 8 4
16 21 2
15 18 1
13 17 4
20 22 2
16 20 1
7 9 1
6 8 4
12 14 3
9 11 3
9 13 3
5 8 1
0 3 4
23 2 3
10 13 3
7 9 1
4 6 1
5 8 2
8 11 1
21 0 4
1 4 1
19 21 3
0 3 4
14 17 3
21 0 2
8 11 3
8 11 1
8 10 2
6 10 4
2 5 4
0 4 1
1 4 3
16 17 2
17 20 1
15 17 2
13 17 4
20 0 2
14 17 2
23 0 4
1 3 4
0 4 3
17 20 1
12 14 2
19 22 2
8 12 4
7 10 3
20 23 1
15 19 4
22 1 2
6 10 4
2 6 1
10 12 4
15 18 3
11 15 1
5 7 4
17 21 1
19 22 3
16 20 2
19 23 3
0 3 4
14 17 2
4 3 1
0 2 3
19 23 1
6 9 4
21 1 2
0 3 4
20 22 3
18 21 2
0 3 3
23 3 1
23 0 4
10 14 2
5 8 4
13 16 3
23 1 3
21 0 4
23 1 3
10 11 2
19 22 3
11 15 1
12 14 3
5 9 1
1 4 3
20 21 2
9 12 3
11 14 2
12 14 4
8 11 1
20 22 3
16 19 4
6 11 3
9 11 1
8 10 3
22 3 2
6 10 3
1 2 4
2 5 3
2 5 1
23 1 1
1 3 1
6 9 3
10 13 2
21 0 1
7 11 3
10 13 1
5 7 3
17 19 1
21 1 3
15 18 2
8 11 1
22 1 2
20 22 1
10 12 2
10 12 2
2 6 2
12 16 2
22 23 3
3 6 2
22 1 3
16 19 4
21 23 4
21 1 1
23 2 2
18 22 1
15 17 1
17 21 3
15 17 1
10 13 2
18 19 3
16 20 2
23 3 2
10 11 4
18 20 3
7 9 4
0 2 3
3 7 1
15 18 2
12 16 4
16 20 1
19 23 4
22 1 3
9 12 3
10 13 4
16 20 3
19 22 1
0 5 1
10 15 4
19 23 3
13 17 3
20 22 1
11 14 4
23 2 2
7 9 3
13 18 3
5 8 1
22 2 4
20 22 1
16 17 3
14 17 3
19 20 2
3 6 4
17 21 3
5 7 1
17 21 3
4 6 1
5 8 1
18 22 2
1 5 3
15 19 4
12 15 3
8 11 2
23 2 3
2 5 2
19 21 1
22 1 1
11 16 4
1 4 1
15 18 1
23 4 3
15 19 4
19 22 4
11 11 4
8 13 2
15 19 1
9 13 3
16 20 4
4 6 4
20 23 1
11 15 3
19 22 3
13 17 1
11 14 1
4 7 1
4 7 1
16 19 3
2 6 1
4 7 4
1 5 2
22 2 4
8 11 1
23 2 2
12 15 3
12 16 2
11 14 4
18 20 2
4 7 1
8 13 3
7 10 2
16 19 1
11 14 3
18 21 1
9 12 1
16 21 2
21 0 4
12 16 2
21 23 3
17 19 3
3 5 1
4 7 4
0 3 1
0 2 1
0 3 2
0 5 1
16 19 1
17 23 2
11 14 2
3 6 3
10 16 2
11 15 2
16 20 3
14 18 2
23 2 3
13 16 4
3 6 1
6 9 4
3 6 2
11 14 1
22 2 2
22 1 3
16 18 3
10 14 4
14 15 1
11 13 3
1 3 4
14 17 2
6 8 3
12 14 4
5 8 3
17 20 3
17 20 1
17 18 2
20 1 4
21 23 3
11 13 4
15 17 4
6 9 3
2 4 1
10 14 3
11 14 2
8 14 1
19 23 3
14 15 2
13 16 1
12 15 1
5 9 2
6 11 2
14 16 4
20 0 2
6 8 1
16 18 4
13 17 1
23 2 2
9 12 1
15 18 3
23 2 3
7 8 2
15 19 1
11 14 4
16 20 1
16 20 1
11 15 3
3 4 2
8 10 2
10 13 4
12 15 3
8 12 4
0 4 3
1 5 4
0 5 1
13 14 1
0 3 1
22 23 4
4 6 3
8 9 4
0 1 4
21 0 3
8 10 4
8 10 3
8 11 1
15 17 1
18 22 2
0 3 2
23 2 3
18 0 2
18 21 1
7 10 3
6 9 2
7 11 3
21 0 2
1 4 3
16 18 1
10 14 4
10 12 4
14 18 4
13 15 1
21 23 1
7 11 3
19 20 3
3 8 3
21 23 3
12 14 3
4 6 2
19 22 1
2 7 1
9 14 3
5 6 2
2 6 4
18 21 3
8 11 3
14 17 4
20 0 2
0 3 4
12 17 4
5 7 3
5 8 3
0 2 2
14 17 1
2 5 4
14 18 3
12 14 1
16 19 4
20 23 1
23 3 3
22 0 4
18 21 1
0 2 2
21 23 3
6 9 3
9 12 2
12 14 2
4 6 3
12 16 3
15 19 2
12 14 3
9 12 4
20 0 4
2 5 1
12 13 3
3 7 1
23 0 3
5 9 4
7 11 1
15 19 1
3 6 3
23 2 4
3 5 2
8 13 3
14 18 4
3 5 2
18 23 3
21 0 4
14 17 2
1 6 4
3 6 3
8 11 4
16 19 1
12 15 3
11 14 3
2 3 1
11 16 1
18 22 2
1 4 4
11 13 3
21 23 1
0 4 1
18 21 1
13 15 4
7 6 3
17 21 1
17 19 4
4 7 4
12 16 2
23 1 1
6 9 3
22 1 3
1 4 4
19 21 4
23 3 3
3 5 3
14 15 1
7 11 1
19 0 4
7 11 4
4 7 2
11 15 1
1 5 1
11 13 2
9 13 2
18 21 3
18 23 1
10 12 1
18 22 1
16 18 1
5 8 3
7 11 3
20 23 1
20 0 3
7 11 1
13 15 1
19 21 1
17 19 3
13 16 4
13 16 2
3 7 4
7 9 2
18 21 4
4 6 3
23 1 4
6 10 3
1 6 1
20 23 1
23 1 1
10 13 3
3 6 4
13 16 2
1 5 2
13 18 4
3 4 3
20 22 3
2 4 2
18 22 3
3 6 1
21 23 1
21 1 2
17 20 4
4 6 4
10 12 2
10 13 2
16 20 2
8 11 2
5 10 2
9 12 4
15 20 4
6 9 3
20 22 1
3 5 2
4 7 2
12 15 2
13 16 3
15 19 4
11 16 2
22 1 4
23 1 2
13 16 1
23 3 4
8 12 1
3 4 1
20 22 4
11 15 1
3 8 4
15 19 1
17 21 1
14 15 3
21 0 4
6 8 3
18 21 2
1 4 1
11 15 1
15 18 2
9 12 3
16 18 1
3 6 4
13 17 3
22 0 3
2 3 3
9 13 2
23 2 4
12 14 1
8 12 4
21 0 3
19 22 3
3 5 1
15 17 1
4 6 1
1 6 1
20 22 1
5 7 3
1 1 3
1 4 3
16 20 1
0 4 1
12 17 1
21 23 1
14 18 2
15 17 2
6 9 4
18 21 3
16 19 3
18 20 1
4 6 3
8 12 3
0 2 1
15 19 3
16 20 3
13 16 3
21 1 2
6 8 1
4 8 3
10 12 3
3 6 1
0 4 2
3 5 1
11 14 2
0 2 2
16 20 3
21 23 1
21 1 1
22 1 2
4 8 4
10 15 1
3 6 1
18 20 4
2 4 2
6 8 4
6 8 3
14 17 2
2 5 3
20 0 1
23 3 4
22 2 1
1 4 4
21 23 1
2 4 3
13 16 4
11 14 2
17 19 3
0 2 1
23 1 3
4 6 2
4 7 3
21 23 4
9 11 1
23 2 1
0 2 1
10 13 3
8 11 4
2 5 4
18 19 1
14 18 1
13 17 2
5 7 1
10 12 2
3 5 4
17 21 3
8 11 3
20 23 4
16 19 1
9 13 4
18 21 2
4 8 2
7 11 1
15 18 3
9 12 1
5 8 1
9 11 4
12 14 2
1 5 2
17 20 1
0 3 3
18 21 4
23 2 3
18 21 3
13 18 3
1 4 2
11 16 3
9 12 4
6 9 2
15 18 1
12 15 3
22 1 2
14 18 2
19 22 3
12 16 4
20 2 3
3 5 2
1 5 2
7 9 3
6 10 3
22 2 2
11 13 1
22 2 1
2 7 3
19 23 1
2 6 3
23 4 4
8 13 4
0 3 1
17 19 2
4 5 1
11 14 4
15 21 3
22 1 3
6 8 2
5 8 1
5 8 3
18 22 3
0 3 2
13 18 1
11 14 1
21 1 4
21 0 3
1 4 2
22 0 2
7 10 1
11 15 1
21 0 1
9 11 4
15 19 4
11 13 2
23 2 4
18 22 1
21 0 4
18 19 2
18 21 4
20 0 3
2 3 2
0 3 4
11 17 1
3 5 2
5 8 4
5 8 4
19 21 3
2 4 4
11 12 3
21 2 3
0 2 3
3 6 4
21 0 1
8 10 2
23 2 2
20 21 4
14 16 2
2 4 3
0 3 2
1 3 3
0 3 4
6 10 2
1 3 4
21 1 4
4 7 4
13 16 4
18 21 1
23 2 3
20 1 2
5 8 1
14 16 3
19 21 3
4 8 4
20 22 3
22 23 4
9 11 1
13 19 4
