1300 5
20 12 24 12 1 
5 8 1
20 23 1
16 19 1
20 23 2
4 7 5
4 6 5
17 20 4
22 0 1
13 17 3
22 2 2
18 22 3
23 3 4
21 0 3
8 9 3
5 8 1
17 21 2
3 6 5
12 16 1
0 3 5
1 4 3
15 17 5
17 21 4
22 0 5
0 2 1
21 23 5
14 19 2
9 13 2
9 12 1
8 11 1
20 23 4
18 21 3
9 12 2
11 13 4
23 1 3
9 13 5
23 2 5
17 20 2
13 14 2
16 19 4
2 5 1
18 23 2
16 19 4
4 7 4
19 22 5
6 9 3
18 21 3
3 5 1
6 8 3
19 21 4
3 5 3
22 1 3
15 18 1
4 6 1
10 12 4
16 19 4
19 23 1
20 22 2
19 23 2
8 13 2
17 20 2
8 10 2
12 15 2
18 20 4
9 12 4
14 16 5
8 12 4
4 7 1
11 13 3
11 15 2
4 6 4
16 19 5
5 9 1
12 14 2
20 23 3
2 3 4
20 1 3
22 2 2
13 17 2
16 20 3
1 3 2
11 15 4
9 11 2
14 16 5
22 0 1
6 9 5
11 15 4
22 0 1
16 18 3
1 4 4
17 20 5
0 3 5
16 20 5
22 1 4
23 4 5
19 21 2
3 8 4
22 1 4
5 10 5
13 15 3
17 19 3
4 7 5
3 4 3
7 9 1
21 23 2
7 10 3
4 7 1
16 19 1
9 12 3
17 22 2
1 4 3
17 21 3
17 20 1
13 18 2
6 9 3
6 9 4
19 21 1
15 20 4
23 0 4
1 4 1
4 7 1
9 11 1
12 14 4
8 12 4
4 7 3
23 3 5
11 14 2
13 16 2
20 1 4
4 8 5
2 3 5
19 21 1
12 14 1
5 8 2
0 2 2
5 8 3
3 5 2
11 13 4
21 23 4
8 12 3
22 4 5
19 21 4
13 16 3
10 13 2
16 20 4
12 15 2
15 16 2
5 8 1
16 18 5
18 18 5
12 15 4
10 13 4
17 20 4
13 16 3
5 7 2
1 3 5
14 18 1
12 15 5
19 21 5
6 10 4
7 9 1
12 16 3
22 1 2
14 17 2
16 21 5
21 22 3
20 23 3
12 13 3
6 9 2
5 9 4
14 18 1
7 13 5
3 7 4
3 5 4
15 17 1
10 13 5
2 6 1
9 12 5
5 8 5
12 15 1
18 20 2
14 17 1
4 10 4
3 6 5
4 7 1
15 19 2
15 18 4
8 10 4
22 1 2
12 16 4
23 2 1
23 1 2
11 15 4
20 22 3
13 17 3
2 5 4
12 15 5
3 7 2
10 14 1
12 16 4
3 6 4
20 22 3
3 7 2
14 17 4
22 0 1
13 17 5
0 2 3
4 7 3
12 15 5
13 16 4
15 18 5
15 18 2
18 20 3
3 9 3
20 23 1
17 18 5
13 14 4
6 8 4
7 12 4
10 12 4
17 21 4
14 18 3
13 16 5
15 17 3
16 19 2
0 4 5
14 17 4
16 19 2
15 19 3
0 3 2
4 8 5
19 23 4
23 2 2
17 20 1
23 4 2
11 13 2
22 1 3
5 8 1
5 7 5
2 4 5
22 2 2
21 0 5
19 22 1
20 1 5
21 23 4
6 7 1
16 17 2
12 17 3
17 19 3
0 3 5
5 8 2
15 19 3
12 15 3
15 18 5
2 5 5
7 11 4
3 4 1
21 1 4
11 13 3
10 13 2
14 18 2
5 6 2
23 1 4
19 22 1
18 21 5
6 11 3
20 22 1
3 7 1
17 22 3
8 11 5
20 23 5
9 12 2
18 21 4
3 6 1
10 13 4
4 5 1
10 14 3
9 11 1
8 10 4
13 17 1
5 7 5
8 12 2
14 17 2
12 14 2
8 12 1
3 6 1
7 11 5
22 2 5
2 4 2
16 18 1
14 18 3
20 2 2
13 16 5
3 6 1
11 13 4
6 8 3
23 3 3
17 19 1
22 2 3
23 1 3
2 5 3
19 22 2
1 4 3
17 18 1
14 17 5
12 14 4
10 11 4
14 15 5
23 2 2
0 2 1
13 15 2
6 8 4
1 4 4
9 12 5
8 11 4
2 5 5
18 21 3
12 16 1
9 14 5
16 19 1
23 2 3
2 6 2
16 19 2
7 11 3
0 3 2
11 16 5
0 3 5
2 5 2
7 10 1
2 4 3
21 1 5
17 19 3
20 23 3
19 22 1
5 8 5
5 9 3
15 18 4
14 15 1
18 22 3
17 19 3
21 0 3
16 19 2
13 17 3
10 13 5
15 18 1
18 22 4
8 13 5
8 11 2
0 3 4
21 1 1
15 18 4
12 16 1
4 8 3
7 10 5
7 9 1
10 15 3
0 4 2
17 21 4
12 13 4
4 6 3
7 10 5
2 7 5
4 7 4
12 15 2
12 15 4
23 2 2
20 23 4
0 4 4
10 14 2
6 11 5
9 12 4
4 8 5
15 19 1
3 6 4
16 19 4
15 19 4
18 21 4
10 14 4
19 23 5
15 17 2
17 21 1
5 8 5
18 20 1
19 22 5
22 1 3
3 6 2
2 6 5
13 17 1
11 14 2
8 11 2
5 8 5
7 9 3
23 2 3
17 20 5
10 14 2
6 7 2
5 8 3
1 4 3
14 17 4
1 5 3
15 18 5
4 7 4
4 7 3
8 10 2
10 11 1
12 15 2
21 21 5
10 12 5
11 14 4
7 10 2
11 14 4
1 4 4
18 20 2
12 15 1
2 4 4
6 11 5
1 3 4
13 17 5
9 11 2
22 2 1
2 6 4
8 10 3
23 2 4
9 13 4
19 20 1
6 9 2
22 0 4
8 12 5
20 0 2
19 0 3
19 0 4
7 10 4
16 19 1
1 5 2
10 13 1
17 19 2
21 0 5
7 11 3
11 13 2
4 7 3
21 0 1
15 18 2
5 7 2
18 20 3
20 23 5
12 14 4
8 11 4
5 8 2
14 18 4
21 0 1
13 15 2
21 0 4
5 8 3
14 17 4
17 19 2
15 18 3
7 10 2
16 19 1
0 3 4
2 5 1
19 22 4
4 6 3
5 7 1
19 21 2
0 3 5
7 11 2
8 12 1
11 14 3
7 8 5
12 15 3
0 3 5
9 14 5
23 1 5
0 4 4
12 14 3
4 7 5
20 23 2
13 16 4
10 13 2
22 1 1
12 14 5
11 14 3
9 11 4
19 20 1
22 23 2
23 3 5
22 1 3
17 21 4
20 21 4
10 13 5
3 8 4
22 2 5
1 4 3
12 17 1
13 17 4
11 15 4
16 19 3
8 11 1
21 23 1
4 7 1
14 16 5
10 11 2
17 20 5
17 19 5
20 23 2
0 2 2
19 22 1
9 11 3
11 13 4
9 14 3
3 6 1
13 16 5
15 17 2
3 7 4
1 5 1
15 17 3
8 10 3
14 18 4
18 20 4
16 19 4
13 17 3
14 17 3
10 13 4
16 19 4
9 12 1
6 8 2
18 20 3
12 16 2
22 0 4
6 9 1
0 1 1
6 7 5
7 11 4
20 22 2
19 22 3
17 20 2
11 12 4
10 12 5
21 0 5
6 10 2
4 7 2
17 20 5
10 11 1
9 12 2
18 21 4
3 6 2
18 22 1
2 6 2
8 10 3
10 12 4
21 0 2
3 5 5
20 0 3
19 22 3
20 0 5
15 17 3
13 16 4
5 8 2
9 10 4
10 13 1
5 7 3
11 14 5
18 21 4
15 17 2
14 18 1
22 2 1
10 14 2
22 1 5
20 23 2
11 13 5
5 8 1
7 11 5
11 13 4
0 2 5
12 15 2
23 3 3
12 14 5
18 21 3
13 15 4
0 3 5
4 7 5
23 3 3
3 5 1
7 10 4
6 8 2
19 22 2
4 7 3
21 1 5
11 14 3
1 5 2
14 16 1
14 17 2
19 21 5
21 1 2
9 11 1
20 22 3
22 1 4
21 0 1
18 21 3
7 9 1
8 10 4
2 5 1
2 6 4
17 20 5
9 11 1
22 1 3
13 17 3
18 22 5
6 9 4
11 15 1
16 19 1
20 22 2
18 22 2
22 3 5
10 13 4
7 8 4
10 12 4
13 14 1
20 23 1
3 5 1
17 20 4
23 2 1
12 13 2
20 23 3
20 0 4
9 12 3
22 1 3
1 3 3
8 11 1
4 7 1
23 2 4
6 8 4
0 4 4
18 21 2
17 21 1
19 0 1
7 11 3
7 10 4
4 6 2
13 15 3
10 12 4
3 8 4
8 11 3
4 8 5
10 12 5
16 16 1
16 19 4
14 18 3
19 21 5
10 12 5
7 10 5
16 19 5
11 12 5
23 3 3
2 6 5
0 4 3
20 21 2
1 6 4
18 20 2
6 8 5
5 8 4
16 20 4
17 19 2
11 14 3
9 11 5
6 8 5
3 6 5
4 8 4
17 20 1
16 17 1
23 2 5
11 15 2
11 12 4
21 0 2
4 7 1
14 16 5
11 14 4
6 9 3
1 5 1
7 10 1
18 21 4
2 5 2
14 17 2
5 7 3
13 16 1
7 10 1
2 4 1
6 10 1
7 10 5
3 5 2
2 6 1
2 5 5
17 19 4
13 17 4
5 10 1
12 14 1
23 1 4
8 11 5
5 8 3
0 2 3
1 3 3
22 0 3
21 23 3
3 7 3
1 3 5
22 1 2
9 12 1
2 6 4
4 7 1
15 18 1
16 19 3
16 19 1
17 19 3
21 23 2
13 15 5
7 10 2
4 8 5
4 6 1
19 23 2
21 0 3
23 2 3
12 16 2
6 7 5
12 17 4
21 1 1
8 11 4
18 21 5
0 1 1
9 12 4
0 3 3
5 7 4
18 22 5
7 11 5
8 13 5
8 12 5
3 6 5
16 20 4
15 18 2
6 7 5
19 21 1
6 9 5
10 13 4
3 6 4
11 15 2
1 3 4
13 16 3
23 2 1
5 8 3
12 14 4
17 21 5
1 4 1
1 3 2
3 6 2
14 16 5
22 2 1
12 16 3
4 7 2
3 6 1
3 5 3
20 0 2
14 16 3
15 18 4
19 22 1
23 2 2
10 12 3
12 14 4
1 6 1
14 18 4
18 23 3
6 9 4
8 13 4
6 7 1
13 14 4
6 9 4
10 13 1
18 22 3
10 12 3
0 2 1
8 10 3
3 7 4
6 9 2
2 4 3
1 4 2
13 16 1
4 7 4
11 16 4
3 5 2
6 8 3
5 7 1
23 1 5
15 19 1
7 10 2
19 23 3
17 21 3
16 19 3
15 20 2
17 21 3
14 17 2
4 7 4
5 7 5
13 17 2
9 12 2
14 16 5
9 12 2
16 18 1
14 16 5
6 10 1
0 2 1
16 19 5
23 2 4
6 9 5
5 8 4
21 23 3
7 11 5
21 0 5
17 19 3
18 21 5
11 12 4
7 11 5
3 4 4
4 6 4
3 5 5
5 6 2
10 13 2
21 0 1
17 19 1
13 16 2
6 11 1
20 22 5
8 10 4
3 5 3
4 8 4
11 16 4
13 16 2
0 3 5
19 22 3
14 15 1
18 21 5
20 0 3
10 15 5
14 17 4
7 11 1
21 0 4
5 8 1
6 7 3
0 0 4
16 20 5
6 10 2
21 23 5
5 9 5
12 15 3
7 8 1
12 14 3
23 4 2
20 0 2
12 15 2
10 12 3
17 22 3
10 13 2
16 20 4
17 19 3
6 9 4
17 20 4
4 6 2
12 16 3
16 20 4
2 4 5
4 7 5
2 6 4
8 10 5
18 20 3
13 15 2
20 23 4
7 11 3
22 1 4
5 9 2
8 11 1
14 18 4
23 2 3
2 6 5
17 21 1
7 9 2
5 8 4
4 6 3
19 0 1
2 3 3
22 3 2
0 4 1
6 10 4
0 4 4
15 17 1
1 3 2
3 5 1
7 10 4
13 16 3
3 7 1
1 5 3
21 23 3
18 20 2
0 3 2
3 5 5
4 8 3
8 11 3
0 5 3
8 11 1
7 9 3
8 11 2
7 9 4
5 9 1
22 2 2
17 22 5
13 16 1
6 10 4
9 13 1
21 0 4
11 13 1
21 22 4
8 12 1
0 4 5
12 15 5
3 8 4
12 14 3
6 9 5
5 7 3
8 9 1
14 17 1
3 6 2
14 17 3
0 3 4
10 14 2
18 21 4
10 14 4
16 19 1
10 13 3
21 0 5
9 12 4
4 8 1
21 0 4
16 19 4
19 0 5
18 20 5
2 5 2
23 1 4
18 22 3
18 20 4
23 3 3
0 2 4
9 11 2
21 1 2
6 9 1
23 3 2
18 21 4
14 16 1
8 12 2
5 8 5
11 14 4
22 1 1
15 18 2
1 4 5
4 5 5
11 14 3
5 7 2
1 5 1
11 13 3
9 11 5
11 13 1
7 11 4
10 11 4
17 21 5
3 5 4
3 6 2
8 11 2
13 17 2
8 10 1
11 13 2
23 1 3
13 16 3
6 9 3
22 1 5
1 3 2
5 9 5
16 20 5
9 13 4
5 8 3
1 5 3
3 5 1
3 7 5
16 20 1
17 20 2
5 7 4
19 20 1
15 19 3
19 22 5
21 0 1
8 11 1
23 2 5
9 13 1
6 9 5
15 19 3
13 16 4
23 4 2
22 0 2
5 6 4
22 1 1
23 2 2
6 10 3
22 1 1
14 18 2
21 23 1
6 10 3
2 5 4
2 4 2
2 3 2
17 20 2
13 18 2
12 15 2
10 13 3
22 3 4
8 10 4
18 20 1
20 23 3
23 2 5
22 0 3
15 16 3
2 5 2
19 22 3
22 1 4
22 2 5
11 13 1
21 23 2
8 9 1
0 5 4
17 20 2
9 13 5
13 16 4
1 4 4
1 3 4
2 5 4
16 19 1
12 15 2
15 18 1
21 0 1
19 22 4
10 14 2
8 11 4
1 5 3
0 4 2
12 17 5
11 14 2
7 10 3
11 14 5
23 2 3
19 21 1
15 18 3
12 14 1
2 4 4
3 7 3
22 1 2
18 0 5
21 0 5
7 9 2
4 7 2
11 14 4
21 23 4
15 19 2
18 23 3
15 18 5
13 18 3
7 10 5
7 9 4
7 8 2
15 17 1
4 7 4
17 20 3
0 3 4
0 4 3
23 3 1
9 12 2
21 0 4
7 10 1
20 22 2
12 16 3
15 17 2
20 0 3
8 10 2
14 16 4
20 0 1
10 10 2
16 18 4
8 9 1
8 11 5
13 16 5
23 2 3
10 12 1
14 17 3
7 10 4
14 18 1
13 16 3
3 3 1
1 4 5
1 3 4
5 9 3
12 15 2
2 4 3
13 16 3
13 17 2
18 21 4
7 9 5
6 9 4
23 2 3
7 10 4
1 4 2
5 7 2
21 2 1
12 16 3
12 15 5
18 20 2
13 15 5
16 21 4
12 16 2
8 11 3
19 0 2
12 14 2
16 19 1
2 6 5
17 20 2
16 21 5
9 13 4
10 12 3
3 7 1
21 23 2
23 1 2
14 18 5
0 4 5
8 13 2
0 4 4
6 8 5
14 19 5
11 13 3
14 20 4
1 2 5
20 0 2
16 21 4
23 3 5
16 18 1
11 15 3
4 6 3
13 15 4
5 9 5
8 12 5
18 21 2
18 21 1
10 14 4
15 18 4
7 10 1
5 8 2
16 20 1
12 14 1
19 22 1
21 23 5
2 5 1
7 10 2
0 4 2
9 12 3
23 3 4
3 4 5
11 12 1
16 20 1
21 0 4
10 10 3
11 15 3
9 13 1
9 11 3
22 1 3
1 2 5
10 12 5
11 14 5
16 18 5
5 7 1
13 16 2
2 6 1
6 9 2
3 7 2
15 20 3
14 17 3
4 7 2
8 11 3
22 2 5
18 20 5
20 23 5
16 21 4
2 5 1
1 5 5
0 3 3
11 15 1
8 12 4
4 7 1
0 3 3
19 22 1
21 0 3
2 5 4
22 0 2
14 18 3
0 3 4
22 1 2
15 17 2
19 22 3
11 12 5
6 9 1
5 7 2
9 13 5
6 9 2
16 19 1
10 12 3
22 2 1
5 8 4
18 20 4
17 19 1
14 18 3
1 4 4
14 16 1
14 17 5
8 9 4
22 1 2
0 2 5
6 9 3
11 15 5
5 8 1
15 17 3
6 8 5
8 12 4
9 11 5
22 1 2
0 4 5
18 20 3
15 18 2
14 18 5
10 12 5
22 23 4
22 2 1
17 20 4
6 10 4
3 6 5
8 12 1
16 19 1
16 19 2
2 7 5
12 15 3
14 16 3
21 2 3
15 19 5
9 11 2
6 9 5
21 0 2
2 5 3
17 22 5
17 20 4
12 14 2
5 8 4
1 3 2
2 4 3
21 0 2
15 19 4
21 23 3
3 6 5
6 8 3
21 23 3
19 23 5
1 4 2
8 10 2
15 19 5
16 19 3
7 9 1
9 12 3
14 16 4
11 15 2
17 19 5
0 5 2
11 14 1
17 19 4
18 20 3
6 7 4
0 3 2
2 4 2
8 12 1
17 20 5
9 10 1
18 21 4
23 2 2
23 2 4
11 14 2
20 23 5
21 22 2
3 5 1
17 21 2
20 0 2
10 13 4
8 12 4
9 13 3
8 11 1
3 5 2
