2200 5
11 20 10 14 8 
21 23 4
23 2 5
23 2 4
13 17 4
10 13 3
19 23 5
2 5 2
5 9 4
23 3 5
11 15 2
22 1 5
6 10 3
7 10 5
18 21 3
0 4 2
5 7 1
22 0 1
14 15 1
3 8 2
13 16 1
16 20 2
8 10 3
4 8 1
13 16 5
18 20 5
14 18 2
21 22 2
20 23 1
11 13 1
13 15 4
22 1 2
19 22 3
19 22 3
9 14 4
5 8 3
23 2 1
8 12 3
8 11 4
23 3 1
18 22 3
15 20 4
8 12 1
8 11 2
17 18 1
19 23 2
4 6 3
22 1 1
11 14 4
5 8 2
2 6 5
8 11 3
7 12 4
13 14 2
13 18 2
10 12 2
17 19 3
2 4 3
10 14 5
6 8 4
5 7 3
7 9 2
23 1 5
7 10 2
0 3 1
3 6 5
17 19 3
1 4 3
12 14 5
12 12 5
15 20 2
18 23 4
6 8 4
1 4 2
5 9 1
19 22 5
5 9 4
22 0 2
9 13 2
16 17 2
15 17 3
21 0 2
11 14 3
21 0 4
20 23 1
19 22 3
5 9 5
18 21 4
19 22 2
14 17 3
5 8 2
18 22 4
8 11 1
4 6 4
23 2 3
1 6 1
5 8 4
3 8 3
6 10 4
19 22 3
6 8 4
4 6 2
21 23 4
1 6 5
20 23 1
10 13 2
4 9 1
2 6 5
13 16 2
18 20 4
6 10 5
10 13 3
3 6 1
0 1 4
11 16 5
1 3 4
8 12 3
20 23 1
0 3 5
12 15 4
9 12 3
16 20 1
21 1 3
9 12 4
19 22 2
1 4 3
23 1 4
18 20 1
11 14 1
8 10 3
18 21 3
0 4 3
10 14 3
23 1 5
20 23 2
5 8 5
21 1 5
12 16 1
14 19 2
19 21 5
14 17 2
18 19 2
23 1 5
23 2 3
14 16 5
9 11 3
15 16 5
14 16 5
6 8 1
14 18 5
3 5 4
18 20 2
6 9 2
14 17 4
13 16 5
0 1 4
19 22 1
12 15 2
5 9 5
23 3 3
10 11 2
7 11 1
8 12 3
6 8 3
3 7 1
14 16 3
15 17 1
10 15 1
14 19 1
13 16 1
16 19 1
15 19 1
10 13 3
2 5 5
4 8 3
13 17 4
20 22 3
0 3 4
4 6 2
5 9 2
6 9 5
22 3 5
5 8 5
6 11 1
11 14 1
2 6 4
7 9 5
5 9 4
6 10 2
8 11 5
10 13 3
17 19 2
8 11 4
5 7 3
11 14 5
19 21 4
20 23 1
0 4 1
6 9 5
20 23 2
15 18 4
18 21 1
15 20 1
18 21 2
17 20 5
10 14 5
17 20 2
2 4 3
18 21 2
18 22 2
17 22 5
5 9 5
7 10 2
6 10 3
0 2 3
11 13 5
1 3 1
22 0 1
15 18 4
18 21 2
8 11 5
7 10 2
5 8 2
15 18 1
11 13 2
19 22 3
6 8 5
21 2 4
4 6 2
2 5 5
23 2 4
4 6 4
18 21 3
16 18 1
18 23 5
10 12 1
21 22 4
5 8 1
12 13 2
22 1 4
18 23 1
12 14 4
12 15 2
4 6 1
10 13 3
16 18 1
17 21 2
23 3 2
4 8 4
5 8 4
7 9 1
8 10 3
13 15 5
2 5 1
2 6 3
6 9 2
11 13 5
20 22 4
20 23 1
12 15 4
2 5 4
7 10 3
5 8 4
3 6 2
3 7 3
9 12 2
18 20 5
4 6 4
23 2 4
11 14 1
22 2 1
18 21 5
6 10 1
23 2 5
23 2 5
13 15 4
10 10 1
20 22 4
7 9 2
10 15 1
13 13 3
5 7 4
2 5 2
11 15 4
22 1 3
19 22 5
8 11 2
7 10 5
12 15 2
5 9 2
18 21 1
7 11 1
2 4 4
0 4 3
5 9 5
8 11 3
10 13 1
15 18 4
8 11 1
0 4 1
7 11 2
20 23 1
6 8 2
2 5 1
15 17 3
5 9 1
8 10 5
7 9 3
7 10 3
12 15 1
0 0 1
20 22 2
3 7 4
20 0 1
15 17 3
18 22 1
22 0 2
5 9 5
12 15 5
18 22 2
15 18 2
6 9 2
18 23 2
13 16 3
15 19 4
6 10 2
15 19 5
21 0 1
18 19 2
13 15 5
3 6 3
19 22 2
16 20 4
15 19 3
23 1 1
8 10 4
14 17 5
19 22 3
20 23 3
22 2 5
19 0 1
6 8 2
22 2 1
17 19 5
2 5 3
9 11 3
8 13 4
19 21 1
21 23 1
5 9 1
23 2 4
15 18 4
8 11 2
2 3 3
21 1 4
8 11 1
13 15 2
8 12 4
4 8 4
15 18 2
6 9 2
14 15 3
10 13 3
9 12 5
15 19 4
6 9 5
15 18 4
16 18 2
21 0 1
2 5 5
23 3 1
19 21 3
1 4 4
21 0 5
18 21 1
12 15 4
14 17 2
13 18 5
12 14 1
22 1 2
4 6 3
19 22 1
3 5 1
22 1 1
1 5 4
17 20 4
11 15 3
14 17 2
23 4 1
13 15 1
19 23 1
6 9 5
11 13 2
8 11 1
5 8 3
15 21 3
11 14 4
15 19 4
18 22 2
17 20 1
7 10 1
23 3 4
16 18 5
17 21 1
6 9 2
21 1 4
14 15 2
15 18 5
0 3 1
4 8 1
14 16 1
8 9 2
15 18 1
13 14 1
1 4 3
5 9 3
14 17 2
0 1 1
19 21 1
1 6 5
13 15 2
23 2 3
11 13 2
10 14 4
22 1 2
4 5 5
6 11 4
18 21 4
7 9 2
5 7 5
9 14 1
22 2 3
1 5 4
4 7 3
14 18 3
20 21 3
16 20 3
21 1 2
9 13 2
19 20 2
10 13 5
6 10 1
20 1 5
10 14 3
15 20 2
15 17 3
5 7 5
18 20 1
22 23 5
5 8 5
14 16 5
16 20 5
17 20 2
19 21 3
7 11 4
9 12 4
8 13 4
0 3 4
4 6 5
1 2 4
2 6 5
11 13 4
6 9 3
12 16 2
11 14 4
8 11 1
19 22 1
14 17 4
15 18 3
19 22 1
18 20 2
16 18 3
23 1 2
19 21 4
5 7 4
13 15 1
8 10 4
15 17 5
18 22 2
22 0 5
19 23 4
21 1 3
3 5 1
18 22 4
14 17 4
9 11 5
23 1 1
18 23 5
2 5 3
11 15 4
7 11 5
16 21 1
18 21 4
19 21 1
23 4 1
6 9 5
11 15 2
21 0 2
11 15 2
11 15 2
15 18 4
22 0 1
3 6 4
17 20 5
14 17 5
7 10 1
14 17 4
5 8 2
10 12 1
20 23 2
15 19 3
17 21 3
13 15 5
13 17 2
1 4 4
16 21 5
10 13 3
12 13 5
6 8 4
6 9 4
20 1 1
8 12 3
9 11 2
9 14 2
14 17 5
4 5 2
16 17 2
6 8 2
17 23 1
15 20 5
22 1 1
16 19 1
3 5 3
0 2 1
1 4 5
9 13 1
0 2 3
9 12 5
8 10 3
20 23 4
13 17 5
13 15 4
2 4 2
1 3 3
21 1 2
2 6 4
10 15 3
3 6 5
21 0 5
15 18 4
11 14 2
9 13 4
11 13 2
7 10 4
8 11 4
0 2 1
2 4 3
3 6 5
0 3 1
12 15 5
16 19 5
22 0 4
9 12 3
12 15 1
15 18 5
4 9 4
12 15 4
15 19 1
5 8 4
20 23 5
0 3 4
18 21 3
22 2 2
0 3 4
12 14 4
1 5 4
1 3 2
17 19 3
2 5 4
11 14 4
13 15 3
20 0 4
16 20 4
8 11 5
13 16 1
3 7 1
8 12 2
9 10 5
1 6 5
20 23 5
8 12 4
20 23 2
23 3 4
5 7 3
13 16 3
5 9 5
11 13 4
13 16 1
21 0 5
15 19 2
22 1 4
7 10 3
21 0 5
20 0 3
14 17 1
5 9 2
19 22 3
11 12 3
1 6 3
18 23 5
10 15 4
13 17 1
19 23 2
10 13 3
8 11 1
14 17 2
7 9 4
23 2 1
10 14 3
1 2 1
23 2 4
0 3 4
1 6 5
11 15 5
4 5 1
4 7 4
10 14 1
12 16 1
13 17 3
9 12 2
10 12 4
0 2 4
0 2 2
13 17 4
22 2 2
21 22 2
17 19 2
17 20 5
3 4 4
4 8 5
11 15 3
15 20 1
20 1 3
11 13 3
1 3 4
8 10 1
3 5 4
19 22 4
20 22 4
18 20 3
21 0 1
2 5 3
0 2 5
16 18 4
4 5 4
14 19 1
10 12 1
6 9 2
22 1 2
5 8 5
16 17 1
18 19 2
20 23 5
23 2 3
21 0 2
0 4 5
21 1 4
11 14 4
12 15 1
11 12 4
19 22 3
17 20 1
10 13 4
12 15 5
2 5 4
22 0 5
12 15 4
18 21 1
17 20 1
8 10 5
22 0 2
16 18 4
20 0 5
3 5 3
17 19 3
9 13 2
15 19 5
14 16 5
10 12 1
17 20 1
11 14 5
22 1 3
13 16 4
4 6 3
11 18 3
6 9 5
14 19 3
6 9 3
9 11 5
16 19 1
2 6 4
20 23 2
20 23 2
5 6 3
5 9 2
14 17 4
19 22 5
21 0 1
4 7 5
16 20 5
13 16 5
2 5 2
11 14 4
12 15 5
16 20 2
22 0 1
4 8 1
11 15 1
13 17 4
22 0 3
20 0 1
17 21 3
13 16 3
17 20 3
5 9 4
19 0 1
8 11 2
19 22 5
14 17 2
14 17 5
11 15 4
0 2 4
9 10 3
7 10 1
17 20 3
19 23 4
6 8 1
18 22 1
21 0 5
5 8 4
7 10 3
4 5 3
23 2 3
3 7 1
23 1 2
2 5 4
13 15 3
18 23 4
10 13 4
3 8 4
13 16 1
19 0 5
0 2 5
13 17 1
23 1 2
6 9 2
10 12 2
20 23 3
20 22 4
12 15 4
12 16 4
6 9 4
3 5 2
5 8 4
0 4 1
21 0 4
3 6 1
3 4 5
14 16 3
20 22 2
15 18 4
13 16 3
17 19 3
9 12 4
10 14 1
3 8 5
17 20 4
11 15 2
15 16 5
4 7 3
10 13 4
2 3 4
4 5 1
23 3 3
0 4 5
0 2 3
6 10 3
0 2 4
7 11 3
4 7 3
3 8 5
6 9 2
4 9 1
14 18 5
15 18 2
15 17 5
22 0 1
20 23 1
21 2 1
5 10 5
1 3 5
23 0 1
14 17 4
7 10 3
9 13 5
20 1 2
5 7 4
19 22 2
0 3 2
20 23 3
7 10 2
0 4 1
6 10 2
16 17 3
16 19 3
9 12 2
3 7 4
4 8 2
6 7 2
1 4 5
9 11 5
0 3 2
3 6 4
14 17 3
4 7 4
7 11 5
6 7 5
10 11 3
2 6 3
5 7 2
11 14 2
2 5 2
20 22 1
3 7 3
18 21 1
14 18 2
0 2 1
22 1 1
19 22 3
17 21 5
8 10 2
4 6 4
3 7 3
10 13 1
18 23 5
23 3 4
15 18 4
4 8 1
15 20 1
11 15 5
16 18 1
8 11 1
4 6 5
4 6 4
5 9 5
7 10 3
2 4 2
13 15 3
7 10 4
17 21 1
6 8 5
0 2 1
15 17 2
21 23 5
15 19 1
10 13 4
21 0 2
5 8 3
19 21 3
9 10 4
9 12 5
8 10 4
15 19 4
16 20 4
3 5 2
17 19 1
3 6 2
8 12 2
18 20 4
23 3 5
0 4 5
10 13 2
9 14 5
0 2 4
21 0 5
0 3 3
7 10 4
22 23 1
4 5 5
13 18 1
15 19 4
23 1 4
18 21 4
6 9 5
6 9 5
20 0 2
6 10 1
16 19 5
1 3 5
7 11 4
14 18 2
21 0 1
13 16 5
4 7 5
1 4 5
10 12 4
15 17 1
6 10 4
16 20 2
12 15 2
3 7 1
20 22 3
13 17 3
15 18 1
4 6 2
2 6 1
5 8 3
0 4 3
21 23 2
1 4 4
13 16 5
4 7 2
16 17 4
19 23 1
5 6 1
11 14 5
14 17 4
11 13 5
2 5 4
22 1 2
5 9 5
0 4 1
18 23 4
6 8 2
0 2 1
1 3 2
5 6 2
12 16 1
14 16 2
7 11 3
15 19 4
0 3 2
12 14 3
7 10 3
21 23 3
13 14 1
9 11 5
20 1 3
10 14 2
23 1 1
0 3 4
14 16 2
16 19 3
21 0 2
10 12 3
1 6 2
4 7 3
6 6 1
15 18 2
17 20 4
21 2 5
23 2 1
22 0 5
21 23 3
8 11 3
2 5 3
16 20 5
11 16 4
11 15 5
21 0 1
0 1 2
6 8 3
4 6 5
9 12 3
12 14 5
13 18 5
15 17 1
6 10 4
19 22 3
23 3 3
12 15 4
14 16 1
2 6 1
9 12 2
5 8 5
3 6 5
9 13 4
21 0 2
11 15 2
9 12 1
10 12 1
6 9 1
10 15 4
6 9 5
13 13 3
22 1 4
9 12 3
2 5 3
20 23 1
7 9 2
0 2 5
8 11 5
11 14 3
1 4 5
14 16 3
3 7 4
22 1 5
6 8 4
18 22 1
18 22 4
18 20 1
3 6 2
2 5 2
16 20 2
9 11 4
9 13 3
20 22 3
19 23 4
13 16 5
18 20 4
20 23 2
1 3 3
5 9 1
13 16 4
22 2 1
6 9 1
8 8 4
7 10 3
0 3 5
12 17 1
14 18 4
15 17 2
0 2 2
5 6 4
4 5 2
15 19 2
10 13 1
17 21 1
14 19 5
11 13 5
11 15 2
19 0 2
18 21 3
20 23 3
23 2 5
7 10 3
1 5 5
11 15 1
5 10 2
9 13 1
0 2 4
2 5 1
20 22 5
5 7 3
23 2 4
12 16 5
15 18 5
13 13 4
1 3 5
13 16 2
6 8 1
1 6 3
14 17 3
13 16 5
8 12 3
4 6 5
19 22 2
19 21 5
13 15 2
23 0 5
1 4 2
13 17 1
14 17 3
23 1 2
21 1 5
3 7 4
3 4 4
4 7 3
3 6 5
7 12 1
3 6 1
16 19 4
5 9 3
15 17 5
6 8 2
19 23 4
4 7 1
16 20 3
8 11 1
8 12 3
17 20 4
3 6 1
22 1 2
20 0 3
22 1 2
23 4 2
18 22 3
18 22 3
11 12 5
6 9 2
10 13 5
14 15 2
2 6 3
4 6 2
7 10 2
10 13 4
3 6 5
21 1 5
11 13 3
21 0 3
9 12 4
4 8 3
18 20 2
18 20 3
17 20 2
13 14 5
2 6 5
5 7 2
7 10 5
3 5 3
9 12 3
23 1 3
6 9 5
21 0 2
19 22 1
6 11 5
19 0 4
9 11 3
16 18 2
22 0 2
22 2 4
1 6 5
14 20 1
13 17 1
5 8 3
17 19 2
3 4 5
11 15 4
22 1 5
13 15 2
16 19 2
16 19 3
12 14 1
12 14 4
22 1 3
11 14 5
0 3 2
7 9 2
23 2 5
20 23 4
22 2 1
9 12 4
21 23 5
2 6 1
1 3 3
14 16 5
8 10 5
18 22 2
9 13 5
11 12 4
15 17 1
11 15 1
23 3 4
6 10 4
12 15 4
0 4 4
22 2 1
16 19 4
5 10 3
15 19 2
5 6 4
22 3 5
22 0 2
22 1 5
20 0 4
15 16 1
20 23 2
0 2 4
5 8 4
5 8 2
13 17 1
17 20 2
2 4 5
16 18 4
1 4 2
11 15 3
18 22 1
8 11 5
16 20 3
21 22 3
5 6 5
2 5 3
18 21 3
8 11 5
14 17 4
14 19 4
11 14 2
19 21 2
11 13 4
1 3 5
4 7 5
14 18 1
0 3 3
17 20 2
22 0 4
12 16 4
16 20 1
1 3 2
17 22 5
12 15 4
10 13 2
9 14 1
11 13 5
4 7 3
13 15 2
21 1 1
10 13 1
10 13 3
22 3 3
23 3 5
3 6 2
5 7 4
13 14 4
3 7 4
23 2 2
1 5 1
3 6 2
0 2 1
13 17 5
2 6 4
23 3 2
6 10 4
17 21 4
22 1 4
22 1 1
5 8 4
14 18 1
5 8 2
1 3 3
6 9 5
15 18 3
23 2 3
21 1 5
15 18 3
10 12 4
15 19 5
16 19 1
0 2 5
12 13 3
20 23 5
8 10 3
22 1 3
7 10 5
9 12 3
17 17 5
20 23 1
9 14 3
13 15 1
22 1 4
7 11 5
2 6 5
19 21 2
4 6 4
2 4 4
13 14 3
17 21 3
15 19 4
22 0 4
8 12 5
7 11 3
22 0 4
14 17 3
11 15 5
23 1 3
15 18 4
15 17 3
11 15 4
11 16 2
19 23 3
9 11 3
4 6 2
11 15 3
5 7 1
19 21 4
3 5 2
8 12 4
12 15 3
12 17 2
23 2 3
19 21 5
12 15 4
4 8 5
12 13 1
13 17 1
0 2 5
6 9 2
14 17 2
8 10 1
13 15 5
20 23 4
20 22 1
4 8 5
5 9 2
8 10 5
8 9 1
19 21 4
20 1 5
6 10 3
8 11 5
23 2 3
15 19 1
21 1 4
8 9 5
18 21 1
8 12 5
20 22 4
21 23 2
13 16 5
2 7 5
21 0 1
9 13 5
13 16 5
4 7 1
16 20 3
8 12 2
13 14 2
22 1 5
17 21 4
2 4 5
7 9 5
20 23 1
8 12 5
6 10 5
2 5 1
23 5 5
23 2 4
8 13 3
22 0 5
7 9 3
0 2 4
18 21 5
15 17 5
14 19 3
6 11 1
22 2 3
20 22 3
20 23 3
16 21 5
17 21 3
3 3 4
7 10 3
15 19 5
13 15 5
16 20 4
12 15 2
5 7 3
22 2 5
3 7 3
17 20 3
2 6 4
1 4 1
7 11 1
4 7 2
21 0 3
7 11 3
16 18 2
17 20 5
9 10 3
1 4 3
13 15 4
9 12 2
1 4 1
10 14 5
9 11 1
6 8 2
23 23 1
20 21 3
21 23 5
2 5 1
22 0 3
1 5 2
2 3 5
0 4 5
22 1 2
17 18 5
4 6 5
0 4 4
12 14 2
19 23 1
11 15 3
16 18 4
0 2 2
15 20 1
20 21 5
2 6 3
14 15 1
16 18 3
6 8 1
8 9 5
16 19 1
11 15 4
5 8 3
13 16 4
17 20 5
3 6 2
0 2 5
19 0 4
12 16 5
9 9 4
8 12 2
17 21 2
23 2 1
3 6 5
14 16 4
14 15 1
17 19 5
7 9 3
22 1 3
0 4 5
16 19 1
10 16 1
10 12 1
11 16 3
2 5 2
8 11 5
10 11 2
18 21 3
17 19 2
19 21 5
11 13 5
20 23 5
20 23 2
6 9 3
3 5 3
20 22 1
9 12 3
12 15 2
8 11 1
14 18 1
23 2 5
20 23 4
17 22 4
23 3 4
8 12 4
20 22 1
10 12 3
0 2 4
19 0 2
9 11 3
6 10 2
16 18 2
18 22 4
7 10 3
15 17 2
0 3 4
12 16 2
6 9 4
11 13 5
21 22 2
15 18 2
10 11 4
20 0 5
0 3 5
7 9 4
11 15 1
11 14 4
11 14 1
14 18 3
20 23 5
22 1 5
6 11 5
23 4 5
20 23 5
13 15 3
6 12 1
13 15 3
2 5 5
21 0 3
2 4 5
9 12 2
23 2 4
4 6 4
5 8 4
18 21 3
6 9 5
10 14 3
10 14 4
18 20 5
19 21 5
14 17 4
13 16 4
23 2 1
23 2 4
14 18 2
21 23 3
20 21 4
20 22 3
18 22 5
0 1 4
11 14 3
13 17 2
5 8 4
4 8 1
17 20 4
21 0 1
15 19 1
1 5 4
4 6 3
11 15 1
4 7 5
5 9 4
12 16 5
14 16 2
12 15 4
4 7 4
10 12 3
16 18 2
16 18 5
14 18 4
12 14 1
0 2 4
0 5 2
13 18 4
4 7 5
9 12 2
11 13 4
11 16 2
0 5 1
8 11 1
8 11 3
6 8 2
20 23 4
4 7 3
15 19 3
4 6 4
8 12 2
10 14 5
6 9 1
12 16 2
3 6 5
19 22 5
3 5 3
23 2 4
6 10 1
0 2 4
12 15 1
8 11 3
6 9 5
0 5 2
16 19 3
13 17 1
1 5 3
0 3 2
10 12 3
21 23 3
21 23 4
13 16 3
2 4 2
8 11 1
14 17 5
15 17 4
16 20 2
15 17 1
23 2 1
11 15 3
15 17 3
7 11 2
23 1 3
17 19 1
16 19 5
1 4 2
23 4 2
0 2 2
16 21 5
0 4 4
9 12 1
4 7 2
5 9 1
3 5 3
23 2 1
6 9 3
23 1 4
0 4 1
14 19 1
4 7 2
14 18 1
1 4 2
6 9 3
19 23 3
18 21 4
5 9 5
9 10 5
15 18 1
7 11 3
5 7 5
8 11 4
5 9 4
6 8 1
21 1 4
4 6 2
7 9 3
8 10 1
1 1 2
9 11 3
23 2 1
6 9 2
2 6 4
13 15 2
7 10 2
1 5 4
2 5 3
12 15 5
17 19 3
4 6 5
5 8 3
19 22 1
22 2 3
11 14 2
1 5 2
14 18 2
13 16 1
22 0 2
21 0 5
2 5 4
11 15 2
10 13 3
1 5 4
23 3 3
12 15 4
12 16 1
21 1 1
2 3 3
7 12 4
6 8 5
20 21 3
14 17 4
3 4 4
14 17 5
17 22 1
23 2 1
15 18 5
6 8 4
13 16 5
21 23 5
4 4 5
10 13 1
18 23 1
14 17 2
22 0 2
10 14 1
3 7 1
4 7 4
5 7 5
2 5 1
20 23 5
23 2 4
21 0 1
15 19 1
18 20 1
7 10 2
15 19 1
16 18 4
16 19 4
10 13 3
21 0 2
10 16 4
17 20 4
12 15 1
17 20 3
7 9 4
19 21 1
23 4 2
14 17 5
3 7 5
11 12 1
4 8 2
9 12 4
15 19 1
2 6 2
14 17 5
9 12 5
6 7 5
1 3 4
16 17 5
2 5 5
13 15 4
6 8 2
7 9 4
12 16 2
19 23 2
21 0 4
0 2 5
14 15 3
1 3 1
9 13 2
16 17 4
14 18 1
22 0 5
23 2 1
18 19 5
0 3 4
7 11 5
20 23 4
7 9 2
8 11 3
22 1 4
1 4 5
19 21 4
1 3 2
4 6 3
1 4 5
13 16 4
17 19 3
22 1 5
12 15 3
16 21 1
20 0 3
23 3 1
2 3 2
5 8 3
15 16 3
21 1 4
15 17 4
5 8 2
21 23 2
4 8 2
21 0 1
23 3 1
16 18 2
18 21 4
22 2 3
16 18 3
20 23 2
14 18 2
1 3 4
7 10 2
9 11 4
1 2 1
18 22 4
15 17 1
17 21 2
9 13 3
3 6 3
0 3 4
5 8 2
6 7 1
16 17 5
18 20 1
14 16 3
11 14 1
4 7 1
10 14 4
23 3 1
19 23 2
0 4 2
8 11 2
17 19 4
17 19 4
15 18 1
2 5 3
16 19 3
10 15 2
22 1 4
22 0 3
2 7 4
22 0 2
10 13 3
6 9 5
8 12 3
16 20 1
0 3 4
7 11 2
9 12 4
1 3 1
22 1 3
14 16 2
15 16 5
23 3 1
0 3 2
12 15 1
10 14 1
4 6 5
3 5 4
4 9 3
2 7 3
0 4 4
8 11 2
7 11 2
6 7 4
5 8 2
4 9 1
23 23 1
3 6 3
4 6 3
7 11 2
22 0 3
7 10 3
5 7 1
5 6 5
13 16 1
9 14 5
8 10 1
4 6 3
5 8 4
16 21 2
3 7 3
3 5 2
11 14 3
16 19 5
4 7 2
9 13 5
14 18 3
10 13 4
1 4 4
4 7 5
21 23 5
19 23 4
17 19 3
9 9 4
10 10 4
14 17 4
5 9 2
23 3 1
20 23 3
6 8 4
17 20 1
4 8 1
19 23 5
14 16 1
2 4 3
12 14 4
23 2 5
3 7 5
8 10 3
0 4 3
12 17 4
2 3 5
12 14 5
1 5 1
3 8 5
6 8 5
18 19 2
20 22 4
0 2 2
13 16 4
2 6 5
18 20 2
3 6 2
3 7 5
0 2 3
12 14 5
7 10 4
12 16 4
6 11 1
5 9 1
13 19 5
17 20 3
15 18 2
6 9 3
8 11 2
18 21 1
9 13 4
9 12 2
2 6 2
12 15 3
9 12 5
17 20 3
5 6 4
2 5 4
19 21 4
17 21 2
21 0 3
16 17 1
10 11 1
4 7 2
16 19 1
17 21 5
14 19 4
2 4 5
19 23 3
2 4 2
9 10 3
8 11 3
0 6 3
3 6 3
20 23 3
11 14 1
19 20 1
1 3 2
1 4 5
16 19 2
13 16 1
18 22 5
11 14 1
3 6 5
17 19 4
21 0 2
1 5 3
22 0 4
7 10 5
23 3 4
20 23 5
17 22 2
6 9 4
22 2 3
18 20 3
14 17 3
12 16 5
7 11 3
15 19 2
13 16 5
11 14 2
2 5 3
6 8 4
6 8 2
17 21 3
18 21 5
6 10 4
19 22 4
8 11 5
20 22 3
9 11 1
15 18 4
0 3 4
1 4 1
0 2 3
12 14 4
20 22 2
16 18 2
23 1 5
6 8 3
12 14 1
16 19 3
7 11 5
3 6 5
23 2 3
13 15 5
1 3 3
19 23 3
21 0 5
6 8 2
13 15 3
14 16 3
13 18 1
15 16 5
21 23 1
17 20 3
18 22 3
16 18 4
22 0 3
7 10 4
1 2 1
8 12 2
16 18 5
10 10 1
23 0 3
7 9 2
14 18 1
19 21 1
15 18 4
10 12 2
2 7 2
10 12 3
13 16 5
15 19 5
4 7 5
21 23 1
22 0 3
13 16 5
21 0 3
2 5 3
0 4 3
1 4 2
18 22 4
12 17 4
8 11 4
21 1 2
7 11 3
23 1 5
8 11 4
3 8 3
0 4 2
6 6 5
1 6 5
2 5 5
7 10 4
11 14 3
15 17 4
12 15 1
11 13 3
17 19 5
20 23 4
15 18 2
23 3 2
1 3 2
0 3 1
11 14 1
16 18 2
4 8 3
6 9 1
21 0 3
5 8 2
6 8 5
2 6 4
15 17 4
11 14 5
19 22 2
15 17 3
8 13 2
5 8 4
14 16 3
22 1 3
5 8 2
4 7 1
8 11 5
3 6 3
21 22 2
20 23 1
17 21 5
13 15 5
19 22 3
1 4 4
2 5 5
6 9 3
2 5 4
22 1 5
22 1 2
1 3 1
21 23 1
0 4 1
23 1 2
17 18 4
4 7 4
10 14 1
15 19 5
7 10 4
21 0 3
15 18 1
4 7 5
22 1 3
22 2 3
15 19 2
0 4 4
22 1 4
1 5 5
18 20 4
7 11 4
0 4 5
18 20 3
10 14 2
15 18 4
19 23 1
13 16 2
22 0 3
5 10 3
22 1 4
8 12 4
17 22 5
20 2 1
4 7 5
0 5 2
3 4 4
3 4 1
15 18 1
23 3 3
9 11 3
11 15 5
15 17 4
2 7 2
4 7 5
5 7 3
17 23 4
22 1 4
14 19 3
21 2 4
21 23 2
4 6 3
16 18 2
5 8 3
9 13 1
3 6 4
18 20 5
6 9 1
15 18 5
13 16 3
18 21 5
18 23 1
11 13 4
19 21 2
1 4 4
8 10 4
0 2 3
9 13 3
4 7 1
19 20 5
23 2 1
20 23 5
7 12 2
5 7 4
9 12 3
1 4 1
6 9 1
10 16 2
12 17 2
6 11 4
8 13 3
23 23 4
15 18 5
5 7 2
21 0 2
3 7 2
23 23 3
2 6 1
16 20 1
21 23 4
8 9 4
22 1 3
8 12 2
22 1 2
23 2 3
7 8 4
12 15 2
19 22 2
13 15 5
20 23 2
18 20 3
15 19 4
16 18 2
16 21 5
5 8 1
6 10 3
7 8 5
18 21 2
14 18 5
12 14 3
13 15 1
17 19 3
7 11 5
22 2 1
14 16 1
15 18 4
22 1 4
4 6 4
22 0 4
10 13 2
7 10 2
1 4 5
16 20 5
20 23 5
13 16 2
18 21 1
14 18 1
18 20 3
13 15 4
17 21 5
9 13 5
15 19 3
12 15 5
0 3 5
6 10 1
13 18 4
22 1 2
13 14 5
2 7 4
14 18 1
19 22 4
5 9 4
3 8 5
5 8 3
0 4 5
6 10 4
13 15 1
12 14 4
7 9 1
18 22 1
22 0 3
10 10 2
3 4 1
11 12 2
4 7 1
15 17 1
16 19 2
13 15 3
14 19 1
2 5 5
9 11 3
20 23 2
9 12 4
6 9 4
23 1 3
21 0 2
15 19 3
14 17 4
23 2 1
9 13 3
16 20 5
4 8 5
11 15 4
13 15 3
2 5 1
17 19 3
