200 6
17 7 12 15 15 18 
14 15 5
15 17 2
15 17 2
16 19 5
9 11 6
13 15 4
9 12 5
1 4 6
21 1 4
13 16 3
19 0 3
8 10 5
14 16 5
7 10 6
17 23 6
5 8 1
13 19 6
11 16 6
21 22 1
22 1 6
3 6 4
12 17 3
11 13 1
18 22 5
2 6 5
8 10 5
0 3 5
16 19 4
3 7 5
6 11 1
10 13 1
19 21 4
6 10 4
3 5 5
16 19 4
12 13 2
19 21 3
17 20 1
0 4 3
15 17 3
14 18 4
7 10 5
2 4 6
10 13 1
7 8 5
17 19 1
19 23 4
17 21 6
20 22 5
4 7 5
8 11 5
7 10 5
23 3 3
18 22 3
2 4 5
6 8 5
9 12 6
0 2 3
7 10 1
23 3 1
7 11 3
0 3 4
0 5 6
3 6 3
0 3 4
12 14 1
4 7 4
10 12 3
6 9 1
4 8 3
4 8 6
9 13 1
11 13 6
6 9 1
9 11 5
8 10 6
2 6 3
19 20 5
7 8 4
18 20 5
11 14 3
21 23 6
1 4 3
3 7 3
7 10 3
15 17 4
1 4 3
5 9 4
2 6 3
5 7 4
23 1 5
20 0 3
23 2 5
1 5 4
15 17 1
18 20 6
1 2 1
7 10 5
10 12 4
15 19 2
8 10 4
23 3 2
3 6 1
23 2 4
18 21 2
16 20 2
21 23 6
3 8 3
18 21 6
5 7 3
13 17 6
13 15 3
19 22 3
21 0 6
22 1 3
20 23 3
23 2 3
4 8 4
12 14 1
21 23 2
9 11 1
8 11 6
5 8 6
7 10 3
10 14 6
14 17 4
11 13 6
13 16 4
7 9 5
10 13 4
15 17 4
3 5 4
19 22 3
10 13 1
13 15 1
2 5 1
5 8 3
13 16 4
18 20 4
5 8 2
4 6 5
20 22 5
0 3 6
8 11 1
15 17 1
1 5 6
11 14 4
5 7 1
3 7 3
10 11 3
22 0 2
22 4 5
0 3 3
15 18 5
1 2 1
20 0 3
4 7 6
8 11 2
7 10 3
2 6 1
19 21 1
12 15 4
2 4 1
18 23 5
10 14 6
9 11 4
16 19 3
14 17 1
7 9 6
22 23 3
21 23 5
9 11 2
2 4 2
9 12 1
20 0 2
16 17 5
9 12 1
17 19 1
6 9 2
15 20 2
18 21 5
17 19 2
11 14 3
3 5 3
8 10 3
6 9 3
20 22 6
7 11 5
7 10 5
16 20 2
0 3 1
17 20 5
1 4 3
0 2 1
6 9 1
6 9 4
11 14 2
16 18 5
8 10 6
15 20 5
