2000 6
9 19 16 14 11 17 
2 5 2
3 6 6
7 9 4
4 8 2
0 2 5
19 23 5
6 9 4
0 4 3
9 12 3
5 9 1
2 4 2
13 16 1
19 22 4
23 2 3
2 5 4
15 19 3
13 16 2
5 8 3
21 1 6
20 0 5
4 7 3
5 7 6
12 14 1
16 19 1
19 22 3
8 10 4
12 15 3
1 4 2
18 21 3
23 4 3
1 4 2
15 17 2
5 7 3
17 21 3
11 13 6
19 23 5
12 17 3
22 1 2
3 6 1
14 15 3
9 12 2
14 17 2
10 13 3
12 16 2
18 20 3
18 22 2
0 3 6
17 18 4
22 23 4
14 17 5
12 14 3
13 16 1
9 13 5
1 4 2
20 23 1
8 12 2
10 13 4
14 16 2
17 21 6
12 14 1
23 2 6
9 10 2
10 13 3
20 23 4
19 0 5
17 20 4
20 22 2
14 16 3
19 23 6
18 22 4
11 14 5
19 21 3
7 10 6
10 15 5
23 3 2
22 3 6
23 2 1
10 14 4
9 10 4
3 8 4
14 18 6
21 0 4
22 1 6
22 0 1
19 22 6
12 14 4
21 1 6
6 10 4
1 4 5
5 8 2
7 10 3
18 21 6
21 22 6
18 21 2
16 19 4
5 10 3
22 2 2
12 14 1
13 17 5
13 15 1
17 21 2
17 18 3
17 20 3
21 0 5
10 12 6
5 8 5
17 21 6
4 6 1
2 5 6
17 21 5
23 3 5
20 22 4
5 7 2
2 7 3
19 23 3
11 14 1
14 16 1
1 3 6
23 3 4
0 3 3
11 13 3
22 1 2
3 6 6
1 4 5
9 12 6
7 10 2
19 23 4
4 7 5
12 15 3
18 20 4
13 16 2
22 0 1
20 0 6
8 13 4
12 16 3
1 2 3
21 1 1
8 11 3
12 14 2
3 6 2
12 16 2
12 15 6
16 18 2
18 22 6
9 13 5
20 22 2
6 9 3
16 20 1
10 14 1
3 6 5
22 1 3
17 20 5
11 14 5
2 6 3
6 8 4
21 0 6
9 12 2
14 15 6
5 8 6
23 4 3
14 18 1
12 16 2
10 13 1
11 14 3
15 17 2
5 7 3
4 7 3
23 2 2
23 1 4
11 13 4
16 18 6
17 20 5
2 4 3
12 14 5
1 5 3
5 9 2
3 9 1
18 23 5
18 22 6
15 18 2
14 16 3
15 18 6
11 13 4
9 12 2
21 23 6
6 8 4
5 8 1
19 21 4
17 19 1
15 19 4
17 21 3
17 21 1
13 17 5
22 23 5
22 2 3
20 0 4
3 5 2
4 8 5
12 14 3
3 6 3
21 1 3
20 2 6
18 22 2
6 7 6
3 6 3
13 16 5
10 13 5
9 12 2
3 6 1
15 19 2
6 11 1
11 15 6
12 13 1
7 10 3
22 1 3
14 17 4
19 21 3
17 22 6
22 0 3
13 15 1
9 11 4
4 7 5
12 17 4
17 20 2
21 22 1
2 6 4
9 11 3
11 14 3
4 9 3
1 3 3
18 21 3
0 3 5
23 1 6
10 12 6
7 7 5
21 1 4
13 14 1
14 17 5
16 19 2
23 3 3
11 12 3
13 16 4
10 11 4
10 14 1
3 7 4
22 1 1
10 13 3
4 7 1
16 19 5
23 3 1
10 14 5
11 14 2
0 2 2
6 12 4
17 20 5
14 16 4
14 17 2
12 16 3
19 23 3
20 22 1
19 21 5
12 14 4
4 11 6
23 2 2
9 12 4
18 21 6
8 10 5
11 14 1
16 18 6
0 3 3
1 3 5
0 3 5
9 13 1
12 17 2
2 4 1
19 23 2
4 6 5
21 1 6
17 20 1
12 15 2
20 0 1
19 20 6
18 20 2
0 5 1
12 14 4
8 12 1
2 4 4
5 8 1
15 19 6
1 4 1
12 17 5
13 18 2
7 9 3
10 12 4
17 20 6
22 1 3
12 15 4
19 21 6
2 7 4
13 15 6
12 16 2
2 5 5
9 8 4
0 2 1
2 5 2
12 16 3
2 6 1
16 18 1
14 17 1
3 7 4
14 18 1
2 5 1
14 18 3
13 15 6
13 15 5
13 15 2
13 17 2
4 7 2
4 7 4
10 12 4
1 4 3
2 6 2
20 23 3
8 12 4
14 17 3
16 18 4
3 6 3
19 21 5
1 3 6
16 19 5
9 13 5
19 21 3
3 6 5
3 6 5
19 21 3
10 14 5
14 18 3
6 10 1
3 6 1
14 17 1
0 3 1
16 18 1
12 16 6
15 19 6
12 15 1
7 12 5
6 9 3
11 14 3
20 22 2
22 2 6
20 0 1
10 12 1
15 18 6
6 9 6
8 11 6
18 22 4
17 21 4
4 9 1
17 19 4
14 18 2
2 5 1
3 6 2
13 18 1
0 5 5
12 15 6
0 2 2
5 6 6
8 12 6
5 8 2
4 9 1
17 18 4
5 9 4
22 2 5
14 17 3
3 6 6
6 9 5
11 17 3
18 22 6
6 10 1
16 20 6
1 5 2
11 13 2
6 10 5
0 3 6
1 2 5
19 23 2
9 13 1
14 17 2
16 20 3
15 17 5
22 3 3
3 5 6
4 6 2
15 18 1
19 21 6
12 15 5
6 9 5
4 7 6
17 20 1
22 2 3
5 8 1
7 11 3
3 7 1
15 17 3
2 5 5
14 18 1
6 8 2
3 6 5
18 21 5
13 16 3
13 16 1
14 16 3
23 2 3
22 0 5
6 9 3
1 7 5
11 14 1
1 2 1
2 5 1
17 21 5
10 13 4
11 14 2
15 18 5
18 20 4
5 7 4
19 22 4
5 7 2
14 17 4
6 9 6
22 1 6
10 14 4
23 4 4
17 20 5
13 16 2
4 7 1
12 14 1
0 1 1
7 11 6
6 8 2
21 0 1
3 5 1
19 21 6
6 8 6
16 19 1
8 11 3
11 14 2
19 21 6
18 20 5
3 5 3
8 11 1
20 0 2
4 7 6
3 6 6
5 9 4
7 10 4
0 2 4
10 13 4
22 2 5
20 22 1
6 9 6
22 1 2
5 6 6
5 8 6
22 1 4
10 13 3
23 3 5
9 13 1
14 16 4
1 3 1
22 0 4
17 21 4
16 19 4
5 10 5
8 12 6
20 23 1
22 0 5
16 19 5
3 6 2
19 21 2
9 12 3
21 22 4
11 14 2
14 15 1
23 3 1
23 1 5
15 19 6
6 8 1
21 1 4
10 11 6
2 6 3
4 6 5
6 7 5
6 10 4
20 0 2
5 8 2
19 22 2
9 11 6
9 14 5
12 16 4
1 5 5
7 12 1
6 10 6
16 19 2
0 4 4
0 4 2
4 6 1
4 7 2
5 8 6
17 19 3
22 1 3
19 22 1
21 1 4
3 5 5
21 0 4
15 19 2
9 11 1
0 2 2
17 21 1
3 7 2
16 20 1
13 16 1
19 23 1
12 15 6
13 16 2
22 1 6
10 14 6
11 14 4
22 3 2
17 19 5
13 17 6
18 22 4
21 23 6
20 23 4
19 22 5
19 22 6
7 8 3
9 12 1
12 14 4
21 23 6
10 14 5
17 19 1
13 16 1
19 0 3
1 3 4
1 4 6
19 22 6
19 23 5
5 7 5
21 1 4
9 14 1
18 21 2
18 22 1
15 19 4
12 15 4
14 18 5
14 16 2
12 15 4
22 0 2
12 15 3
7 12 1
10 14 5
3 4 4
15 18 5
12 14 3
5 8 1
16 19 5
18 22 2
1 5 3
2 4 2
1 4 1
5 8 3
12 16 4
16 21 6
20 0 4
14 17 2
13 16 5
14 16 1
3 7 3
18 21 6
4 4 1
22 2 2
18 21 1
3 6 3
5 8 6
13 14 4
16 19 6
11 13 5
6 10 5
7 10 1
5 8 3
2 5 2
16 19 2
5 7 5
10 11 6
14 18 1
16 21 1
8 11 4
2 5 5
1 5 5
19 22 1
1 5 1
11 14 5
16 20 5
10 12 4
5 7 2
9 12 5
9 11 1
13 18 2
3 6 5
21 23 6
17 21 2
23 3 3
1 3 2
17 18 2
9 14 2
5 5 2
1 3 2
11 14 1
3 6 6
17 20 4
9 14 2
10 12 3
15 19 1
14 16 5
7 9 4
11 13 6
21 1 4
15 17 2
20 22 4
19 23 3
5 9 4
17 21 5
0 1 3
20 23 2
10 14 4
23 4 4
20 1 1
5 7 1
12 14 3
15 19 2
11 14 5
13 15 6
12 14 4
4 9 2
23 2 6
22 1 4
12 15 2
12 17 5
11 13 2
19 0 2
14 17 1
15 20 4
22 1 5
22 22 2
19 22 5
23 2 3
10 13 2
10 14 4
22 0 5
3 7 6
22 3 4
15 17 4
5 7 4
15 17 5
8 11 5
19 20 2
5 8 6
16 20 3
12 15 4
0 2 3
21 1 5
19 23 5
14 17 5
5 8 6
8 10 5
21 22 4
10 13 3
17 20 5
11 16 6
20 23 3
14 16 6
0 2 3
11 16 4
21 0 3
21 22 3
21 0 3
6 9 3
18 23 3
23 1 4
21 0 4
12 15 4
5 7 2
22 1 6
20 23 5
12 15 3
0 4 2
8 11 3
19 23 4
6 9 4
6 9 5
19 22 4
11 14 2
9 12 5
9 12 3
2 5 1
20 0 6
1 4 3
4 7 6
22 1 4
14 15 6
10 14 1
4 6 6
0 3 5
19 22 1
20 23 5
0 2 4
11 15 1
9 11 4
5 7 1
8 11 6
17 18 6
6 9 4
12 15 2
1 5 3
10 13 2
1 3 6
3 6 3
6 10 6
17 20 4
5 8 4
11 13 4
16 18 4
3 7 4
1 4 4
5 7 5
5 7 5
18 21 6
16 19 1
3 8 2
4 7 4
0 3 6
20 23 1
6 10 6
13 17 3
18 21 4
2 4 6
9 13 1
5 9 4
9 13 2
15 18 2
5 11 2
11 15 2
5 7 5
7 9 1
4 9 6
6 10 3
2 5 6
2 7 2
1 5 1
19 22 3
11 14 1
7 10 4
17 22 2
19 21 3
21 22 6
17 22 3
10 12 4
0 6 3
21 23 4
21 22 5
13 16 1
7 12 4
6 8 6
18 21 2
13 16 5
18 22 4
2 5 5
15 17 2
7 9 2
16 20 2
5 7 4
8 10 6
22 1 3
3 6 1
17 20 1
1 2 6
5 8 6
13 14 1
0 2 5
14 17 3
21 0 3
3 7 6
7 11 1
21 23 4
4 7 6
18 20 6
12 15 2
3 7 5
12 15 5
2 6 3
19 22 3
23 2 3
15 19 1
7 9 6
3 7 6
21 23 5
0 2 6
4 5 5
1 3 1
19 22 2
3 6 2
0 4 4
19 0 1
19 22 5
3 6 1
1 3 4
7 11 1
13 17 6
20 1 2
2 5 1
16 19 6
1 5 2
11 14 4
10 12 3
8 11 2
2 4 5
23 2 6
23 1 2
17 21 6
20 22 3
2 6 6
21 0 2
23 1 2
8 11 6
7 7 4
21 0 6
17 21 1
22 2 3
20 23 5
3 6 4
16 20 2
15 18 1
0 3 4
3 7 4
0 2 5
4 6 3
17 19 3
17 20 1
20 22 5
14 18 5
17 20 5
22 1 2
18 21 6
2 6 3
16 19 2
9 12 6
15 17 2
3 8 5
2 6 6
2 5 4
22 3 1
19 22 4
17 21 6
15 18 5
15 16 4
14 17 2
1 4 6
22 1 1
15 19 4
16 18 4
6 10 3
21 1 2
4 6 6
8 11 1
18 21 2
1 5 1
11 13 5
13 17 6
1 3 1
13 17 5
14 17 5
6 10 2
7 10 4
3 7 6
4 8 4
16 18 5
5 8 1
5 8 2
13 17 6
10 12 3
14 16 4
9 13 5
16 20 6
17 20 1
4 6 3
10 13 6
20 0 5
21 0 6
2 4 3
15 18 2
9 12 6
13 17 6
23 1 6
4 9 2
0 2 1
9 13 5
1 4 1
19 0 2
5 8 4
11 14 6
18 19 2
17 21 5
5 10 6
17 19 1
23 2 5
21 23 4
16 20 2
7 10 3
20 0 4
3 7 3
3 6 4
10 13 5
11 14 1
17 21 1
20 1 5
23 4 3
5 7 2
11 16 5
3 7 4
18 20 1
14 16 1
17 20 5
8 11 2
15 19 5
11 12 6
11 15 5
7 10 6
14 18 6
6 10 1
0 3 2
0 3 5
3 5 2
8 10 3
3 7 5
9 11 4
12 17 1
6 8 6
18 22 1
10 12 1
19 22 3
5 9 4
1 3 1
21 0 5
16 19 3
9 12 4
3 6 3
2 4 6
0 2 4
5 7 2
17 21 6
19 22 5
18 22 3
19 21 2
2 7 4
9 12 2
9 11 2
3 6 3
17 20 4
7 10 2
5 8 2
7 9 5
2 5 6
23 2 6
12 15 5
6 9 6
13 15 3
4 5 3
7 11 1
18 22 4
2 6 1
2 4 4
15 17 4
22 0 6
5 8 5
1 4 1
16 19 2
1 7 6
2 5 1
14 16 4
8 11 2
0 4 5
12 16 4
21 23 3
11 14 1
23 2 4
23 4 4
2 4 3
12 14 4
17 22 3
5 10 6
17 19 2
11 14 3
1 5 1
5 7 6
23 1 1
16 20 2
5 8 4
4 8 5
20 23 5
3 7 1
22 1 3
19 22 5
10 13 6
17 19 6
18 19 3
23 3 1
10 13 1
11 15 1
21 23 6
6 10 4
20 23 3
2 5 6
6 7 1
3 6 5
15 21 3
9 12 5
10 12 1
17 20 3
15 17 1
11 14 2
14 19 5
6 9 4
8 13 5
5 9 3
10 12 6
19 22 4
15 18 6
1 6 6
13 16 4
19 22 5
2 3 6
12 15 2
23 2 6
18 22 4
5 8 5
6 9 5
23 2 2
14 16 1
5 8 1
2 6 1
14 16 4
2 6 3
10 14 1
21 2 5
11 14 1
10 15 2
13 15 3
19 22 5
10 15 2
17 18 5
2 6 1
22 0 2
2 5 1
1 6 1
6 9 6
14 17 5
4 8 3
3 8 1
21 0 6
7 11 4
13 17 1
1 4 3
16 19 1
20 22 4
1 4 2
0 3 6
6 11 6
8 10 6
0 4 2
1 3 2
8 12 5
21 0 3
8 10 5
9 12 5
14 17 4
16 19 5
18 20 2
14 18 1
13 16 1
19 21 5
10 11 5
18 22 5
20 23 6
22 1 4
8 10 5
6 7 2
2 6 6
10 14 5
18 22 3
17 20 3
18 21 3
18 20 3
3 6 2
3 4 5
1 4 6
14 16 3
1 4 1
0 1 6
12 15 4
5 8 2
13 14 5
9 13 3
21 23 1
9 12 2
18 19 1
21 0 6
16 18 1
13 17 6
12 16 5
0 3 5
14 16 6
8 12 4
10 13 2
10 13 1
6 9 2
22 0 2
5 8 2
12 15 5
5 10 3
17 21 3
17 22 4
15 17 4
22 2 4
13 16 5
8 9 3
1 4 3
4 6 4
7 10 3
3 8 2
10 10 3
11 13 4
2 5 5
3 7 2
6 9 5
11 13 4
3 7 2
22 1 6
17 20 3
7 11 6
5 8 3
16 22 5
2 5 6
2 5 3
16 20 2
2 7 4
23 2 6
23 2 1
5 7 2
5 7 5
1 2 5
1 4 1
9 13 2
3 5 3
12 14 1
4 5 1
12 15 6
16 22 1
1 6 5
9 12 3
1 4 3
6 8 4
5 7 1
18 21 5
9 12 4
6 9 4
5 8 1
12 14 1
7 9 4
14 17 5
12 13 5
14 18 6
22 0 1
13 17 3
16 18 6
21 0 1
9 12 1
16 18 4
13 17 3
20 0 1
11 13 4
13 15 3
11 12 1
0 4 4
2 5 4
16 20 3
0 3 6
13 15 2
0 1 4
22 0 6
10 14 1
19 22 6
15 18 3
12 15 3
23 2 6
5 8 4
21 0 2
19 23 4
5 8 4
19 22 2
10 13 5
3 6 1
23 3 1
3 7 5
12 16 2
16 19 3
0 2 3
20 1 6
11 15 4
19 21 1
23 0 5
3 5 3
12 15 2
8 12 4
5 7 3
4 5 4
7 10 4
4 8 3
11 15 4
9 11 2
10 14 1
14 16 1
2 6 5
3 6 2
19 21 1
10 13 4
2 5 2
0 3 3
18 23 4
7 11 6
2 5 3
4 7 1
23 3 5
5 8 6
8 13 2
14 18 1
14 19 3
14 16 6
22 1 6
9 13 5
19 0 1
8 12 6
2 4 2
7 9 6
18 22 5
20 23 3
1 3 1
16 18 4
6 7 5
11 14 3
3 7 4
0 3 3
2 6 1
15 19 1
18 23 5
0 4 3
22 2 5
16 18 6
19 23 2
14 16 5
13 18 4
2 5 1
2 4 5
17 19 1
20 22 2
4 7 4
21 0 2
10 13 2
4 6 5
4 8 2
8 12 5
7 10 4
3 7 2
5 7 3
3 6 1
16 20 2
10 13 4
17 19 2
16 18 3
4 7 5
21 1 5
20 23 5
9 11 5
10 14 6
19 23 4
8 12 3
16 18 4
11 12 5
7 10 6
3 6 4
14 16 4
19 20 3
18 20 3
20 23 5
16 19 2
6 7 1
8 11 2
3 7 3
16 18 6
17 20 3
22 1 4
21 0 3
15 19 2
11 15 2
4 6 1
1 3 3
4 7 1
15 18 5
14 19 3
12 14 5
19 21 6
13 17 6
4 6 2
5 9 6
21 23 2
10 13 6
5 8 3
6 9 6
0 3 2
6 10 5
5 8 2
11 14 5
7 10 4
5 7 2
6 8 1
18 21 6
5 7 2
3 6 1
6 10 4
23 2 5
4 8 5
21 0 2
10 13 4
20 23 3
11 14 2
20 23 4
22 0 4
19 21 6
22 2 5
5 8 5
7 8 4
6 6 3
20 21 3
0 2 4
11 13 5
2 4 4
7 12 5
11 16 2
0 3 3
22 1 3
17 20 6
23 2 6
15 19 2
0 4 4
1 5 2
21 1 2
7 11 5
23 2 5
19 21 5
7 9 6
8 11 2
8 13 1
17 20 3
18 20 6
14 18 5
23 3 1
8 12 4
21 1 5
2 5 2
14 17 2
17 19 2
1 6 4
12 15 2
5 6 6
21 0 4
18 20 4
3 4 1
21 23 1
1 3 5
16 21 5
22 2 1
14 17 1
17 19 5
0 3 2
18 20 3
23 1 4
12 15 6
14 14 6
20 23 6
18 21 4
13 16 1
17 19 4
14 16 2
19 23 6
7 10 2
13 17 2
13 16 4
0 5 5
19 21 2
16 18 6
20 0 3
15 18 4
21 1 3
10 13 1
8 10 2
12 13 6
1 3 3
8 11 1
7 11 4
9 12 6
17 18 3
17 21 1
6 9 1
17 19 3
20 0 1
18 20 1
23 2 1
16 18 4
3 7 6
13 16 6
3 7 4
17 19 4
2 5 2
11 14 1
22 1 2
9 14 1
10 12 5
20 23 1
16 19 1
8 10 1
0 2 5
8 11 3
23 4 1
14 18 1
13 17 6
21 0 2
15 17 5
7 9 4
6 11 6
23 3 4
18 22 5
8 12 4
8 12 2
20 23 2
11 14 6
15 18 6
20 1 2
23 2 3
2 4 2
16 19 2
14 16 3
17 20 3
19 23 3
0 3 4
2 7 6
9 12 6
16 19 1
20 22 1
10 13 6
13 15 4
7 10 4
1 3 3
19 0 3
23 2 3
13 16 2
3 8 5
13 16 3
12 14 5
7 10 4
3 7 5
20 23 6
4 6 4
0 3 6
8 10 5
5 8 2
4 8 5
2 7 3
0 2 5
1 4 5
8 10 2
2 6 2
18 19 4
5 10 6
8 13 4
8 11 1
1 4 3
23 3 6
20 23 1
15 18 3
11 14 3
19 21 6
6 9 5
22 3 5
2 7 1
21 22 6
19 21 4
16 19 2
22 1 6
5 9 2
3 8 2
8 10 6
3 6 1
3 6 3
1 6 3
23 2 5
13 16 1
7 10 4
17 19 2
8 9 5
2 5 6
10 14 3
15 19 5
9 12 6
23 2 3
19 22 2
6 8 2
3 7 1
12 14 6
13 17 5
23 3 1
23 1 5
23 2 5
21 1 1
4 6 4
5 8 5
17 22 5
8 10 2
23 2 6
5 7 5
12 15 4
15 18 4
18 21 4
12 15 2
1 3 4
14 16 2
3 6 1
17 18 5
6 9 1
1 3 4
3 7 4
0 2 1
13 16 6
19 22 3
14 17 3
18 22 2
4 7 4
4 6 6
0 3 3
11 14 3
11 16 5
16 20 6
10 13 5
19 23 3
19 23 5
5 8 4
3 7 6
0 2 1
5 10 4
10 10 1
20 22 6
12 14 3
10 15 2
20 22 2
3 7 4
2 4 4
12 16 3
1 5 1
14 18 6
7 11 4
21 1 5
17 19 6
2 6 1
10 13 1
7 9 4
1 3 5
9 12 1
11 13 3
22 1 4
20 22 4
14 16 4
11 14 4
0 4 3
9 12 3
6 9 4
20 23 2
19 23 5
20 23 2
22 2 1
13 16 3
6 8 1
1 4 2
20 23 3
17 19 2
14 16 5
13 16 6
12 16 2
22 0 3
14 17 5
17 20 5
22 23 4
20 22 3
12 15 4
19 20 4
9 10 1
19 1 3
11 14 1
17 18 4
23 2 2
9 12 1
18 20 5
21 0 2
7 10 6
4 8 4
1 3 3
12 17 5
17 20 4
17 21 5
8 12 2
9 11 3
9 13 5
19 21 4
9 13 6
7 10 1
15 18 4
7 8 4
13 16 1
4 6 1
18 22 3
8 10 1
21 0 3
8 10 2
17 21 5
1 4 4
11 13 4
4 8 5
15 19 3
17 19 1
9 12 4
17 20 3
5 8 5
13 17 3
7 10 5
15 18 3
19 21 2
7 9 2
19 21 6
23 2 1
7 9 3
5 7 5
7 10 4
10 13 5
19 21 5
19 22 2
15 18 6
13 15 4
8 10 5
23 3 6
21 22 3
16 18 3
1 5 5
9 12 4
6 8 3
4 5 3
17 19 3
15 18 2
12 14 5
18 20 3
20 23 5
22 0 2
4 6 5
9 15 4
18 22 6
8 11 1
17 19 1
10 13 5
21 1 1
2 6 4
9 13 4
21 1 4
0 6 6
1 2 5
15 18 3
1 4 4
13 15 6
22 0 4
3 6 2
3 4 3
1 3 4
7 10 1
13 14 4
23 4 4
7 9 2
14 16 5
22 1 3
9 12 1
8 13 5
22 1 3
9 12 2
18 22 1
20 23 5
6 9 6
8 11 6
9 11 3
0 3 3
15 19 1
4 6 2
16 19 3
9 10 4
19 22 4
18 22 1
4 8 2
4 6 4
15 17 4
23 1 4
2 6 2
12 14 3
0 3 6
1 4 2
16 20 1
7 9 1
4 6 4
19 21 1
12 15 6
8 10 3
6 9 4
15 18 3
14 17 6
19 21 4
17 19 4
16 19 4
0 -1 5
2 3 6
5 7 5
9 13 6
12 15 2
0 4 3
23 2 4
18 22 3
9 11 1
5 8 6
7 10 3
15 19 2
23 1 2
22 2 4
20 21 4
17 20 5
6 9 5
14 16 2
15 17 3
6 10 3
5 8 4
17 20 6
6 10 5
1 3 1
23 3 4
20 22 3
16 18 3
17 20 3
12 15 5
18 21 4
23 2 4
13 16 4
8 11 4
5 8 1
4 8 6
3 6 6
15 19 4
16 20 1
5 9 5
3 6 4
1 5 4
23 2 3
21 0 6
11 14 4
23 3 2
9 11 1
8 11 2
4 8 2
20 22 6
12 15 5
7 10 5
7 9 4
17 21 3
9 11 4
9 12 2
23 2 5
13 14 2
15 17 4
19 21 1
12 15 2
17 19 6
18 22 1
18 21 6
21 0 6
6 10 4
19 21 3
5 8 2
23 2 1
11 15 5
14 19 1
15 19 2
19 23 2
1 4 2
5 6 4
9 13 6
18 22 2
2 4 5
12 14 3
23 3 4
23 3 1
15 18 3
16 19 6
18 22 5
2 6 3
10 13 3
14 17 4
1 4 6
22 1 6
22 0 5
11 13 1
20 21 3
14 16 4
3 7 5
16 19 1
1 4 4
22 23 2
2 5 2
0 2 2
2 6 3
21 23 6
18 20 4
7 10 2
20 22 3
3 5 1
19 21 5
23 4 4
8 11 6
21 0 2
4 7 2
15 19 4
2 6 3
2 7 1
4 8 3
15 18 2
1 5 4
12 17 6
8 10 4
16 20 1
12 15 5
18 20 6
13 16 6
8 10 1
20 0 6
7 10 2
23 2 2
2 7 1
23 4 1
21 1 2
16 19 1
18 21 3
11 15 2
1 3 2
21 0 5
6 10 2
9 12 5
23 4 3
1 4 6
1 5 4
0 2 6
5 7 4
23 1 6
20 22 4
8 11 4
19 23 5
19 22 3
19 22 4
23 3 4
5 8 4
8 10 3
17 19 4
11 13 6
14 17 1
12 14 3
23 0 3
0 4 5
22 1 1
11 15 3
10 11 2
14 17 1
13 15 4
15 17 3
0 2 4
9 13 4
3 6 3
23 1 2
7 11 3
20 23 6
1 5 5
4 6 5
22 1 3
12 14 2
22 1 5
7 10 2
3 6 4
13 16 2
18 21 4
12 14 6
22 1 4
10 15 3
10 14 3
20 22 5
8 11 3
10 12 3
19 22 4
9 13 2
3 5 2
12 15 4
0 4 6
6 9 6
5 7 6
19 22 3
14 16 2
9 12 5
4 9 6
17 21 5
19 22 3
17 20 4
8 12 6
5 9 6
0 2 1
18 19 1
8 11 4
1 4 6
5 8 3
13 15 1
11 14 3
12 13 1
8 12 1
10 13 5
11 15 3
20 22 4
8 11 4
12 15 3
21 0 6
14 16 1
21 0 4
21 22 1
22 0 6
2 6 2
19 22 6
4 4 5
17 21 3
4 7 5
10 14 5
15 17 1
1 6 1
0 4 6
6 9 1
8 9 4
10 13 4
9 12 4
13 17 1
7 11 3
20 23 6
14 18 4
21 0 1
9 12 2
6 8 1
5 8 6
21 0 5
23 3 4
20 22 2
6 10 1
8 12 6
15 17 4
14 17 5
7 9 2
16 19 4
4 7 5
17 19 1
5 8 2
23 2 5
2 5 1
10 11 1
4 7 5
10 11 2
8 12 3
21 23 5
3 6 1
16 18 5
22 1 4
