200 5
4 3 11 19 14 
5 7 2
23 4 2
5 9 1
21 1 1
4 6 3
18 21 4
2 6 1
9 12 1
16 19 3
7 9 1
18 21 1
21 1 2
11 13 4
12 16 1
18 21 1
11 15 3
10 13 4
14 19 3
15 18 5
4 6 5
3 5 4
17 20 3
21 1 3
13 15 5
0 3 1
14 15 3
11 14 4
3 7 1
13 16 2
19 21 3
3 7 1
6 10 5
23 3 4
18 22 5
19 22 5
10 12 2
8 13 5
2 4 4
9 12 4
23 4 5
7 11 5
15 17 4
15 19 4
19 23 3
6 9 4
10 14 5
13 17 2
15 19 4
18 21 2
15 17 4
9 11 2
13 15 5
18 20 5
16 18 5
5 7 1
0 4 3
23 2 2
10 13 4
22 2 5
5 9 5
9 13 5
17 19 3
12 15 1
17 21 1
21 1 5
8 12 3
4 6 3
11 13 4
16 19 4
10 13 3
7 11 5
10 13 4
16 20 1
23 23 2
1 5 4
13 17 4
5 7 5
2 5 4
0 3 5
20 23 5
5 9 3
21 2 4
20 0 3
22 1 3
20 22 2
23 1 4
17 19 3
8 11 2
15 18 1
22 2 3
20 22 2
17 22 2
17 20 3
14 17 5
17 20 2
9 14 1
9 13 2
0 0 2
21 23 3
1 5 5
3 5 4
20 0 1
5 8 4
7 10 5
22 0 3
15 18 4
6 9 4
4 7 5
22 1 4
8 12 4
20 0 3
10 12 3
23 2 5
22 0 2
16 18 5
2 6 1
13 15 5
4 6 1
4 6 3
8 10 5
1 3 1
5 10 5
21 1 1
0 3 5
5 7 2
3 6 3
4 7 3
9 12 4
7 10 2
10 13 1
8 10 1
18 21 4
6 8 2
16 18 2
10 11 1
18 22 4
0 3 3
3 6 3
23 4 4
12 16 1
3 5 1
16 20 5
2 6 3
18 20 4
15 18 2
12 13 5
15 18 2
1 3 5
8 11 3
5 7 3
8 11 3
19 22 4
3 4 2
5 7 1
9 12 5
23 0 1
3 7 1
15 21 4
15 18 2
21 1 4
20 23 5
8 11 2
12 15 4
20 23 1
17 20 1
21 23 3
9 13 2
6 9 1
21 23 2
4 8 4
16 21 3
12 15 1
0 3 5
7 11 2
20 1 1
7 9 4
22 2 5
8 10 1
8 11 4
20 0 5
13 15 5
16 20 4
0 4 1
20 21 5
22 22 4
13 14 2
6 9 4
10 13 1
17 21 4
13 14 4
19 23 1
17 19 1
4 9 1
15 18 4
8 11 1
13 15 2
19 23 4
19 22 5
15 17 2
13 16 1
