2600 5
1 12 2 18 5 
18 21 4
7 9 2
8 12 1
23 1 1
23 3 4
10 14 5
16 19 5
6 6 2
17 19 3
16 17 5
16 18 4
5 8 1
16 19 4
19 21 3
5 8 2
7 11 1
22 23 5
14 17 3
15 18 4
5 8 1
8 12 4
13 15 4
13 15 3
14 17 1
22 2 1
21 2 4
6 10 2
5 8 3
0 2 3
4 7 2
20 0 5
14 16 5
20 0 4
14 18 4
0 1 3
11 14 4
4 8 1
1 6 5
6 8 3
17 20 2
4 6 2
4 7 5
1 4 2
0 3 4
2 4 5
13 16 3
19 20 1
11 15 4
8 9 2
17 19 1
9 14 3
17 20 1
12 15 3
11 12 3
15 18 4
8 11 4
23 3 4
1 4 3
2 5 4
23 2 2
18 20 1
7 11 3
11 17 1
1 5 1
21 21 3
23 1 3
4 5 5
9 13 2
23 1 3
4 6 2
5 6 2
10 14 3
1 5 3
12 16 1
7 10 1
8 11 4
17 20 2
16 20 5
16 19 5
5 8 1
0 5 3
9 14 5
18 21 1
0 4 5
14 18 5
18 19 4
5 8 5
10 12 2
10 12 1
19 23 3
3 8 4
9 15 2
11 12 4
7 8 4
21 1 1
11 12 5
9 11 2
6 8 3
19 22 1
5 7 5
0 3 2
14 17 5
22 1 3
13 15 1
10 14 5
4 5 2
1 4 1
10 12 2
22 2 4
2 3 5
0 2 3
15 18 5
11 13 1
8 11 4
13 16 1
8 10 5
9 12 4
17 20 2
23 2 2
14 18 5
1 2 4
9 12 4
16 21 3
12 12 1
1 6 1
13 15 5
8 10 1
12 15 5
2 5 1
20 23 5
11 14 1
15 17 1
0 2 2
0 2 3
3 6 1
15 17 4
4 8 4
22 2 4
0 2 4
4 8 4
20 23 2
3 5 2
6 10 4
12 16 5
19 0 2
5 6 1
11 15 2
3 6 3
6 8 1
1 3 3
20 23 1
12 14 4
22 1 2
5 8 2
6 9 4
2 4 1
17 20 4
18 22 1
15 18 2
19 22 3
1 3 3
0 3 3
3 6 1
2 5 4
7 10 5
10 11 3
3 7 1
17 19 1
7 10 2
14 18 5
19 22 5
0 0 1
0 0 4
20 1 2
8 10 5
14 17 5
21 1 2
21 23 3
2 4 3
5 8 2
0 1 4
19 23 1
17 19 4
15 18 3
3 4 3
3 5 1
13 16 5
19 23 2
3 7 4
1 3 2
10 10 3
4 6 5
17 21 4
18 22 1
3 7 5
19 22 1
10 13 2
4 6 5
22 3 2
19 23 3
13 17 1
0 4 3
16 19 2
8 10 4
18 21 5
14 17 5
17 21 5
1 6 3
6 11 4
8 12 4
9 12 1
4 8 2
2 5 3
10 12 4
7 10 2
4 6 1
13 16 4
4 6 1
8 11 1
15 18 2
4 8 3
1 4 5
19 23 4
1 5 1
12 14 4
23 2 3
18 19 4
12 16 2
18 21 2
6 9 5
10 13 3
19 23 2
2 3 4
9 12 1
22 1 4
7 11 4
13 17 3
12 15 1
3 7 2
21 1 4
2 6 1
10 13 1
20 0 5
10 14 3
20 0 3
23 0 1
19 22 5
21 0 5
20 23 3
20 22 1
9 11 4
2 6 3
4 7 5
14 16 3
14 17 4
6 9 4
9 15 5
0 1 1
23 2 1
23 1 4
4 6 1
6 10 2
8 9 2
3 4 4
23 2 5
8 10 5
18 19 1
15 17 2
7 11 1
19 22 4
10 12 2
14 16 2
5 9 2
10 15 1
0 3 4
12 15 1
6 10 4
5 9 4
6 9 5
18 22 2
8 12 5
23 2 4
1 6 5
10 13 1
19 23 4
7 10 3
8 11 3
17 22 2
4 8 2
2 4 5
8 12 1
22 0 3
9 11 2
0 2 3
6 8 1
8 11 4
4 6 4
9 12 5
3 7 1
16 21 3
18 22 5
7 11 2
4 8 5
16 20 3
18 20 1
1 1 2
2 5 3
1 5 2
3 7 1
19 21 2
11 14 5
21 0 1
21 22 4
3 7 5
6 7 4
22 1 3
18 23 1
22 2 4
1 4 5
5 9 4
11 14 2
3 5 4
9 13 3
15 18 3
9 12 5
23 3 1
17 21 5
16 19 4
18 22 4
5 6 2
23 3 3
6 9 3
5 10 3
14 18 2
4 6 5
19 21 4
19 23 4
2 5 1
1 4 4
16 19 1
23 1 4
18 21 1
1 3 2
15 17 2
23 3 3
4 7 3
1 3 3
14 18 2
16 20 1
9 12 5
1 4 4
23 2 3
21 2 5
20 23 3
20 21 1
6 9 4
10 13 3
19 23 5
17 21 3
0 3 4
18 20 5
12 14 5
23 2 1
10 14 2
6 8 3
7 10 3
7 11 4
18 21 5
15 18 4
18 20 2
19 21 5
15 16 1
11 12 4
4 7 2
15 18 2
9 12 1
15 18 5
14 17 3
9 10 2
19 22 4
2 5 4
9 12 3
11 13 4
10 12 3
0 4 1
9 11 2
6 10 1
0 3 2
9 12 1
4 6 3
5 8 2
22 1 5
6 8 2
2 7 1
1 5 3
18 21 2
21 0 4
19 22 3
14 18 1
22 0 5
15 17 3
15 17 3
17 20 4
19 22 2
18 22 5
11 15 3
20 20 5
4 5 1
20 22 5
14 15 5
2 6 4
11 13 4
17 20 3
17 21 1
0 2 5
6 10 2
17 19 3
15 18 3
22 0 5
11 15 5
23 2 4
10 12 5
3 5 4
4 10 3
22 0 5
23 4 5
8 12 5
12 15 1
3 8 2
18 21 4
20 22 5
19 22 3
13 15 2
16 19 5
10 14 1
14 16 3
19 21 3
22 1 3
2 4 4
19 21 2
18 21 4
8 12 5
2 6 3
16 19 1
0 6 5
20 0 4
13 15 2
11 15 4
20 0 3
12 14 2
4 8 4
0 2 3
16 19 5
21 0 3
15 18 3
19 22 2
7 11 4
18 20 3
7 10 5
21 0 4
23 1 1
19 23 2
14 18 4
11 14 5
5 8 2
1 4 1
16 18 5
17 20 3
21 23 5
8 12 2
17 18 3
8 11 3
4 7 2
18 21 2
4 6 2
15 19 5
11 13 1
21 0 3
3 5 5
7 10 4
17 20 2
4 7 3
7 9 4
6 9 5
7 11 5
0 3 3
1 4 2
12 14 4
4 6 1
21 0 3
18 22 4
13 15 4
10 11 4
14 16 2
0 3 4
11 12 4
0 3 3
16 20 2
3 6 4
16 19 1
10 15 3
1 5 4
2 5 3
4 7 1
0 4 3
4 7 1
15 20 5
2 6 2
15 18 1
17 20 5
10 12 5
6 9 2
22 2 1
22 0 3
2 6 3
8 11 3
2 6 5
3 8 2
14 16 4
12 13 5
0 3 2
8 11 2
22 23 5
1 4 5
9 12 5
4 7 2
5 8 2
16 18 1
3 6 2
22 0 4
7 9 3
1 4 2
18 19 3
5 8 2
11 13 5
20 1 2
2 5 1
2 3 5
20 23 1
3 7 4
17 19 3
13 16 1
21 1 5
19 22 5
3 7 3
2 4 1
13 15 5
22 2 3
4 5 4
21 22 4
4 8 4
14 16 1
13 17 4
1 4 1
12 15 2
21 0 5
10 13 3
0 3 5
5 10 5
0 3 2
0 4 3
5 8 5
13 19 5
10 14 3
1 4 5
3 6 2
14 16 5
20 0 5
17 19 1
12 15 2
3 6 2
13 16 2
8 10 1
3 5 3
15 20 3
21 1 5
7 12 3
3 5 5
23 2 3
23 3 2
11 14 4
17 20 1
9 12 4
17 21 3
20 0 5
1 3 3
19 22 5
19 22 2
6 10 5
14 17 4
14 15 5
16 20 2
11 14 4
2 5 3
19 22 2
12 16 4
8 12 5
2 3 5
23 0 2
2 4 4
8 10 1
9 13 1
21 0 1
9 12 3
18 22 5
23 3 5
6 9 3
22 3 3
21 0 4
18 20 3
17 21 1
0 2 5
17 21 5
9 13 5
8 11 4
18 22 5
0 4 5
5 9 4
18 22 4
22 1 3
22 1 2
13 14 4
23 2 2
7 10 1
6 9 2
1 7 3
23 2 5
19 22 4
23 2 1
7 10 5
3 6 3
0 2 3
7 10 3
0 3 3
21 23 1
5 8 2
21 0 3
21 0 4
1 4 5
1 6 1
15 19 2
15 19 5
1 4 2
9 13 3
18 21 5
4 6 3
21 23 3
13 16 1
17 19 4
0 1 4
10 12 3
11 13 2
1 3 5
23 2 3
19 22 2
17 19 3
0 5 5
0 2 4
3 7 1
4 6 1
19 23 1
13 17 5
3 6 1
8 10 1
1 5 3
1 3 4
3 8 3
14 17 4
12 15 2
9 11 3
22 0 1
10 11 2
0 6 4
4 8 1
9 11 3
1 5 4
2 4 5
10 15 2
13 16 2
21 23 4
6 9 1
16 20 2
22 23 2
12 15 3
14 18 3
9 12 5
0 3 1
11 14 2
19 0 4
20 1 3
3 7 1
21 0 2
18 20 4
17 20 2
13 15 2
23 2 2
3 6 3
16 19 1
2 5 2
19 21 5
3 5 1
15 18 2
17 19 4
8 10 4
11 16 5
8 9 5
20 0 2
13 17 5
20 0 1
15 17 4
8 11 4
4 9 2
14 17 4
19 22 1
0 4 3
16 21 4
7 9 5
13 15 3
10 13 1
14 18 2
14 16 3
17 20 5
14 17 5
0 4 2
11 14 3
15 18 2
13 17 5
2 5 4
16 18 1
16 19 4
7 10 5
9 12 1
10 14 5
5 9 3
13 14 4
5 8 4
23 3 3
20 23 2
18 21 3
17 21 1
17 20 2
2 6 5
19 21 1
0 4 3
0 6 3
1 4 2
18 21 1
13 17 1
8 11 4
8 10 2
22 1 3
11 11 1
11 14 1
13 17 1
3 9 4
8 11 1
11 15 4
4 8 4
18 21 4
12 16 4
23 1 5
5 9 1
22 1 5
7 10 1
8 11 5
17 20 4
14 17 4
0 2 2
12 16 5
1 3 5
22 2 5
20 23 3
12 15 2
21 0 1
21 0 2
2 6 4
10 14 4
21 0 4
13 17 1
19 23 4
0 2 3
1 3 3
4 8 1
18 21 3
16 20 2
7 11 3
11 13 2
13 15 3
11 14 2
22 1 4
21 22 1
7 10 5
13 16 5
10 12 4
1 3 2
18 22 3
2 7 3
14 17 1
7 11 1
1 5 3
8 9 5
23 2 3
22 1 2
14 18 4
22 1 4
21 0 4
6 9 2
22 2 4
9 11 2
5 7 4
18 20 5
4 7 2
11 14 1
20 0 2
14 18 2
14 18 2
17 21 5
4 6 3
14 17 4
10 14 3
5 10 1
0 3 4
17 20 4
3 7 1
7 9 4
20 0 3
18 22 5
3 6 2
23 2 3
1 5 1
16 18 2
23 1 2
17 19 3
4 8 4
5 8 1
23 0 2
19 0 5
15 18 3
19 22 3
4 8 2
9 13 5
13 16 2
13 15 2
0 4 5
6 10 4
15 19 1
19 21 1
2 4 3
23 3 3
12 15 3
8 11 5
12 14 1
19 22 4
8 9 2
13 15 5
11 13 2
23 1 5
12 15 5
12 16 2
12 14 1
0 4 2
15 18 2
11 13 1
21 23 1
10 13 5
6 8 2
16 19 5
2 6 5
23 2 2
20 23 3
15 19 5
11 13 2
3 6 4
16 19 3
16 19 1
1 3 4
10 12 2
20 0 3
9 12 4
0 2 4
10 12 2
5 9 2
21 0 2
23 3 4
15 16 2
6 8 2
9 11 2
5 8 1
20 22 3
9 11 5
21 0 1
3 8 3
8 11 5
12 15 2
6 9 4
15 19 5
7 10 3
21 0 1
23 2 5
1 4 1
1 3 5
12 16 4
13 16 2
18 20 4
2 4 2
7 10 5
13 16 2
19 21 4
7 11 5
17 19 4
7 10 4
19 23 5
1 3 5
7 9 2
12 15 2
7 9 3
8 11 5
20 22 2
5 6 3
13 15 5
12 13 4
3 5 2
12 15 3
18 21 2
15 18 1
13 15 5
13 15 2
2 4 4
22 0 4
5 7 5
1 3 3
8 10 1
11 14 3
21 23 2
3 7 4
17 21 4
1 4 2
6 9 2
18 20 4
9 14 2
12 17 1
12 16 4
11 14 5
5 7 3
16 18 1
18 20 4
3 5 1
12 14 1
10 13 1
8 11 4
12 17 5
11 14 5
10 12 2
1 5 5
1 5 1
16 19 5
9 13 2
3 5 4
20 1 4
12 16 3
19 21 2
23 2 3
22 0 2
11 14 2
1 4 5
5 8 2
6 8 5
20 0 1
1 5 3
14 16 3
18 21 1
9 12 1
16 20 1
3 7 5
8 12 4
14 18 1
16 19 5
0 3 5
19 23 2
20 0 4
2 6 1
7 9 3
16 19 4
12 15 4
0 3 3
15 19 5
3 6 2
1 4 3
17 20 3
18 22 4
9 12 2
14 17 5
15 19 1
18 20 1
5 9 5
9 12 4
16 19 1
23 3 4
7 11 2
12 14 2
8 11 5
3 7 1
8 10 2
0 3 3
5 9 2
17 20 2
6 9 1
2 4 2
16 20 3
9 13 4
4 7 2
15 20 5
20 23 5
9 13 4
12 14 4
17 18 4
16 19 1
23 3 4
3 7 2
10 10 2
2 4 3
16 18 2
14 16 2
9 13 2
4 8 5
12 16 4
6 11 5
20 23 5
14 18 2
5 7 3
15 18 5
2 5 3
23 1 4
17 21 2
3 7 2
2 6 4
12 13 5
10 11 1
21 1 2
20 21 1
8 11 1
23 2 5
20 0 3
9 12 5
3 6 2
19 22 3
16 20 5
16 20 1
4 8 2
11 13 5
7 10 2
10 14 5
19 21 4
20 23 3
13 16 4
21 0 2
10 11 1
21 1 2
3 3 4
22 1 1
22 1 4
10 13 2
8 11 4
11 14 3
3 6 4
21 23 5
6 8 1
17 23 3
16 20 2
9 13 4
11 14 5
15 18 3
10 12 4
13 16 3
22 0 5
5 9 1
20 0 1
21 23 1
17 21 4
8 10 2
2 4 4
20 0 5
11 17 5
7 11 5
17 20 5
1 5 3
4 6 3
4 7 1
22 1 1
9 11 4
7 10 5
23 5 2
13 15 1
22 1 5
21 1 4
3 5 3
23 2 1
4 6 3
14 19 2
2 6 1
2 6 2
18 21 2
10 13 1
17 20 1
2 6 3
13 16 4
23 0 1
9 12 5
0 5 2
10 13 3
18 22 5
20 22 1
6 9 5
14 16 1
22 2 3
16 20 5
2 5 3
21 0 2
23 1 5
1 5 3
22 0 5
13 15 4
14 18 1
2 5 1
5 7 1
10 12 2
9 13 3
18 21 3
11 15 4
8 11 1
6 10 3
1 4 1
4 8 4
20 0 1
3 6 5
8 12 5
0 4 5
16 20 1
2 6 2
5 7 3
21 0 4
23 4 4
11 16 2
10 13 1
15 18 3
7 9 3
3 7 2
16 20 1
6 9 1
15 17 2
1 2 4
11 16 3
6 8 2
17 20 1
2 6 1
1 4 4
8 11 2
15 16 1
17 20 2
3 7 3
2 3 4
17 20 4
21 0 4
12 14 3
20 22 1
12 14 2
11 13 5
10 12 1
15 16 4
8 12 3
19 21 2
4 9 1
10 14 2
2 4 3
7 11 1
20 0 5
18 21 5
14 17 4
23 3 4
23 4 4
13 16 5
19 22 5
11 12 1
14 15 3
9 12 4
16 20 4
8 8 4
6 10 4
13 18 3
0 5 2
2 5 2
10 11 2
22 1 4
10 14 1
12 15 1
12 14 5
17 20 5
8 11 4
15 16 5
19 23 3
5 8 4
22 1 4
0 3 2
1 4 1
21 1 5
23 1 2
17 21 2
18 21 1
18 20 3
23 23 1
13 16 1
18 22 1
9 12 1
10 11 5
18 21 5
23 3 1
15 18 3
22 1 5
9 13 2
1 4 4
11 15 5
21 2 2
20 23 4
22 1 3
13 17 5
16 19 1
10 13 4
4 8 2
21 0 3
5 6 3
16 19 2
3 6 2
21 1 5
12 12 1
1 4 4
8 11 5
7 10 2
12 15 1
13 15 4
8 11 1
20 22 3
5 8 4
2 5 1
11 14 3
8 13 5
2 4 1
7 10 4
2 5 3
22 1 2
1 4 5
18 21 4
0 4 1
12 14 4
3 5 2
1 3 2
2 7 3
19 21 1
8 11 3
11 14 5
21 1 2
16 19 3
23 3 5
13 16 5
7 9 5
5 7 4
3 6 1
6 8 3
12 15 4
13 16 1
10 12 3
11 15 2
22 1 3
8 11 3
10 14 2
9 10 3
19 20 5
17 19 4
9 12 5
10 13 5
16 18 4
11 15 5
0 2 5
13 15 4
0 2 2
20 23 2
2 5 4
6 10 2
19 23 3
17 19 1
6 9 2
20 22 5
12 17 2
13 15 4
14 18 5
12 15 2
2 5 4
4 6 2
21 0 1
19 23 3
5 5 4
20 23 3
10 14 5
14 16 4
8 11 1
0 3 2
7 12 4
22 0 1
19 0 1
20 23 5
7 10 2
9 12 5
11 13 3
3 6 3
9 12 4
23 1 3
11 14 1
6 9 1
20 0 4
8 12 3
9 11 3
0 4 3
6 10 4
0 1 5
10 14 4
4 7 3
0 5 5
9 13 1
8 9 4
13 15 3
9 12 3
4 8 5
14 17 1
9 12 3
4 7 3
1 5 3
1 4 3
3 6 3
0 3 3
5 8 5
22 2 4
3 5 5
6 9 3
1 2 1
19 23 3
23 2 4
23 1 4
8 12 5
1 4 4
17 21 3
19 23 3
19 20 2
3 6 2
23 1 4
5 8 5
17 19 2
14 15 1
9 10 1
4 8 2
14 16 5
3 6 3
20 0 4
18 21 2
17 19 3
4 8 5
19 1 5
5 9 2
2 5 3
20 0 2
6 10 2
14 18 3
7 9 1
5 7 4
21 23 3
16 18 4
18 21 3
20 0 4
21 0 4
18 22 4
17 19 1
21 0 5
15 16 1
8 9 5
12 15 2
14 17 1
11 13 5
0 3 5
4 7 4
9 12 5
21 1 2
8 12 1
10 12 4
11 14 3
19 21 4
19 23 4
0 3 3
7 9 2
13 15 4
23 3 5
23 2 1
10 14 2
9 11 3
4 7 4
10 12 1
23 2 1
2 5 2
3 7 2
21 0 5
12 17 1
8 13 1
20 23 1
20 21 3
23 1 4
18 20 3
0 4 1
2 4 2
22 1 1
10 14 1
18 20 3
12 15 1
4 7 2
4 8 2
7 9 3
5 6 5
19 22 5
13 15 3
9 11 4
2 6 2
18 22 3
17 20 5
17 19 4
18 20 5
22 1 2
9 13 2
2 5 1
19 22 3
20 23 1
23 1 3
22 1 3
19 22 3
14 17 4
16 21 1
6 11 3
16 19 4
13 18 2
1 5 1
16 19 5
19 22 4
19 21 5
4 5 3
16 17 5
18 23 2
15 17 1
23 2 3
0 5 1
4 7 4
1 4 3
4 9 3
9 14 5
16 18 3
15 17 5
4 9 2
0 3 2
15 20 4
17 21 1
5 7 5
15 18 4
18 21 3
7 10 5
7 11 5
2 4 1
2 5 5
9 12 1
19 23 2
15 16 2
14 16 5
12 16 2
16 20 5
1 5 4
8 13 5
4 7 3
4 8 5
5 9 2
1 4 1
0 2 3
0 4 2
8 11 2
23 2 5
11 15 5
0 2 3
14 18 4
5 8 4
10 14 4
2 6 4
6 8 1
2 4 1
8 12 4
22 1 3
8 11 2
11 14 4
11 13 2
21 1 4
7 10 4
19 23 1
3 6 3
13 16 2
17 19 5
10 13 5
23 3 3
21 23 3
8 12 3
19 21 1
8 11 5
10 12 4
2 6 1
12 13 1
3 7 4
12 15 5
4 8 2
3 5 3
2 6 1
10 13 1
5 8 2
19 21 2
0 3 1
11 13 1
15 18 2
5 8 3
21 0 3
11 14 4
17 20 1
21 1 4
1 4 1
19 23 1
16 19 5
1 6 5
2 4 5
6 8 3
10 12 5
5 9 1
22 2 5
0 3 2
14 18 5
22 23 5
3 7 2
20 22 5
0 0 1
22 0 5
8 11 2
9 13 1
19 21 4
9 11 1
20 22 2
16 18 4
11 13 2
10 14 2
1 5 3
12 16 4
17 20 2
18 21 2
13 17 4
5 8 5
8 12 2
2 6 5
12 16 3
6 9 5
17 21 2
3 5 1
15 18 2
2 5 1
23 3 5
12 14 5
7 11 4
17 20 3
8 10 1
17 19 4
8 11 5
20 0 4
11 14 5
21 23 5
4 8 1
5 7 1
2 6 2
15 18 4
1 5 5
0 3 2
8 11 1
4 9 5
5 9 5
6 8 4
17 19 4
3 4 2
11 13 1
23 3 1
17 19 4
7 9 2
20 23 4
9 12 5
21 1 3
9 11 2
15 19 3
3 4 4
11 14 4
23 3 3
10 13 1
15 17 5
20 22 2
6 9 2
15 20 1
5 8 5
4 9 5
23 2 4
5 8 4
16 19 1
23 1 1
7 9 3
2 4 5
1 4 5
4 6 3
21 0 4
0 3 4
22 2 5
23 3 3
14 20 3
6 9 2
13 16 5
8 11 5
9 13 4
14 18 3
0 2 3
14 17 3
5 7 4
9 12 5
21 0 3
22 2 2
9 11 3
23 0 4
10 15 4
12 15 5
9 11 4
20 23 3
1 3 2
11 16 1
6 8 4
8 12 2
5 7 4
2 5 5
7 9 5
17 20 1
21 1 5
6 8 3
6 8 1
19 23 3
15 18 3
9 12 4
9 12 4
3 5 4
11 15 2
19 22 2
4 9 4
14 16 1
14 18 4
18 23 4
15 17 5
5 8 5
1 3 1
8 13 1
6 10 3
22 22 3
15 20 3
1 3 5
9 13 2
22 1 1
7 10 5
14 14 3
1 3 2
4 6 2
18 21 3
11 14 5
0 3 4
14 17 5
7 10 3
8 11 4
13 16 1
19 22 5
21 1 4
12 15 4
14 16 2
4 7 2
10 12 5
12 16 1
10 11 3
10 15 3
17 19 1
20 23 1
22 2 2
5 8 5
23 0 1
20 23 5
19 22 5
20 0 4
19 23 4
11 13 1
7 8 5
16 20 3
0 3 4
12 15 1
21 0 3
1 4 2
19 22 2
4 6 3
18 20 3
18 21 1
18 22 4
14 17 4
16 21 5
19 21 5
1 3 5
3 5 5
21 0 2
11 14 2
7 9 3
17 21 5
17 20 5
22 0 5
17 19 1
17 21 3
22 2 4
11 14 5
1 4 1
12 15 3
19 20 3
5 5 4
14 17 4
11 14 4
20 23 3
1 3 4
23 2 1
9 11 5
7 9 2
0 2 4
21 23 1
3 5 3
7 10 2
18 21 5
0 2 5
14 19 1
13 17 2
10 12 3
17 22 2
0 4 1
22 0 5
7 9 1
18 21 1
1 3 3
8 12 4
17 20 1
9 12 2
4 6 1
1 2 5
6 11 1
1 2 4
7 12 4
12 16 5
22 1 4
16 21 2
13 15 5
20 0 4
16 19 4
9 13 5
8 11 3
17 19 1
0 3 5
15 17 5
21 0 3
20 23 3
3 6 1
2 5 1
2 4 5
20 22 5
12 17 1
13 17 5
11 14 1
12 15 4
15 18 4
8 11 5
15 17 4
6 10 5
9 12 5
5 7 2
20 23 2
5 8 1
0 4 5
9 11 5
11 12 5
19 23 1
20 0 3
0 4 3
20 22 4
16 18 1
0 5 1
23 2 3
22 1 3
15 19 1
5 6 3
4 8 2
23 1 1
9 12 4
3 6 5
11 13 2
16 18 3
19 22 1
17 19 4
2 4 1
13 16 2
14 18 3
22 23 4
10 11 4
3 7 1
1 5 4
16 19 2
8 11 4
0 2 3
10 13 3
9 12 4
5 7 2
11 14 3
6 8 2
5 7 4
2 5 4
1 3 4
20 23 1
23 3 1
12 14 2
8 9 1
9 13 2
13 16 4
11 13 3
3 4 4
10 13 5
19 23 4
17 18 3
15 18 4
17 19 4
9 12 3
16 19 2
23 2 1
9 11 2
22 1 3
9 14 5
23 1 1
10 12 5
6 10 4
5 8 2
2 4 5
4 7 3
21 1 2
22 1 2
9 12 3
12 15 3
13 18 4
17 21 1
17 20 2
15 18 5
23 1 1
21 0 2
10 15 4
10 13 5
4 7 5
4 8 3
4 7 2
2 4 5
20 22 2
1 3 5
13 16 4
20 22 2
14 18 2
22 2 5
5 9 1
7 10 2
1 4 1
3 6 5
6 7 4
10 14 4
14 19 5
23 2 3
13 17 5
8 12 1
8 11 1
4 7 3
9 12 1
20 22 1
14 17 5
15 17 3
13 17 3
19 21 1
19 0 4
15 18 3
9 10 2
16 19 1
14 18 1
6 9 4
1 5 3
18 22 3
9 12 1
4 7 2
2 5 3
3 6 1
11 14 2
11 15 1
11 12 5
18 21 1
5 9 2
4 7 3
3 5 2
13 17 1
2 5 2
4 8 4
15 17 3
15 19 3
14 18 2
5 10 3
6 9 2
14 17 1
14 17 4
2 6 2
22 1 3
19 21 2
8 10 5
1 5 5
22 0 5
15 18 3
1 5 3
6 9 2
12 16 5
5 7 3
22 0 4
8 12 4
8 11 2
4 7 4
1 3 2
17 21 1
5 7 2
23 1 4
6 10 5
18 21 4
11 14 2
16 20 1
13 16 3
6 8 5
12 14 2
10 15 4
13 16 1
13 16 3
10 13 4
4 5 5
22 2 5
2 6 1
5 8 3
3 8 4
2 5 2
14 16 1
18 22 1
4 6 2
0 3 1
15 18 3
21 23 5
7 10 2
2 5 1
10 13 5
17 21 1
19 0 2
13 16 5
23 4 2
16 20 1
10 13 3
18 23 4
18 19 3
4 7 3
3 5 5
1 4 5
10 12 5
5 8 5
3 3 1
7 10 5
10 12 4
3 6 5
14 15 1
3 7 2
21 0 5
0 4 4
22 23 4
2 3 5
10 12 4
6 9 5
9 12 3
15 20 2
10 15 4
16 20 5
11 15 1
14 17 1
22 2 2
10 12 3
9 12 4
17 21 4
21 1 4
14 17 1
5 9 1
10 13 3
2 4 4
12 15 5
1 4 1
6 10 3
19 22 3
12 15 4
11 12 2
19 0 1
13 15 2
4 5 5
0 1 4
8 10 1
14 18 1
14 17 4
7 10 5
16 20 4
19 22 5
14 15 4
3 6 5
16 19 2
23 3 5
2 5 2
5 9 4
13 18 3
17 19 2
21 0 1
12 16 1
20 23 1
21 22 5
11 12 4
4 6 5
21 22 1
18 21 3
18 20 2
13 15 2
8 11 2
4 9 1
9 12 2
20 0 2
17 21 4
12 15 2
6 9 5
4 7 3
0 4 2
3 5 3
21 0 1
2 5 4
13 16 5
12 16 4
22 1 3
14 18 5
22 2 5
3 4 1
12 15 3
6 9 4
8 12 3
15 19 5
0 3 2
13 15 1
21 1 5
2 6 1
18 22 3
1 5 4
2 5 4
15 18 1
14 18 1
1 4 2
1 4 5
18 20 3
1 3 3
11 13 2
16 19 3
14 15 4
4 7 1
16 19 2
15 18 3
2 7 3
2 6 5
14 15 5
1 3 4
9 12 2
9 11 1
21 23 3
16 20 5
1 4 2
11 14 2
13 15 2
5 6 5
18 22 3
3 7 5
3 5 4
8 11 5
4 6 4
2 5 4
15 19 4
9 12 3
4 7 3
22 2 1
5 7 3
5 6 3
7 9 4
14 18 5
14 16 4
9 12 1
10 11 5
0 3 1
6 8 4
16 19 1
19 22 4
10 13 4
19 22 1
5 7 5
5 7 2
2 5 2
8 12 3
8 11 1
12 16 3
22 23 3
2 4 3
2 6 2
16 19 5
14 16 1
7 9 2
7 11 1
23 0 1
4 8 2
15 17 2
4 6 4
8 10 2
19 23 2
22 0 5
2 2 2
2 6 3
7 9 5
0 4 1
15 18 5
2 4 5
15 17 4
15 19 5
9 12 5
16 19 2
8 11 1
3 6 2
22 2 2
3 5 5
17 20 3
16 19 3
3 5 4
23 2 5
16 18 5
18 22 1
5 9 1
7 10 4
9 12 2
9 11 2
21 22 1
8 10 5
20 23 4
13 17 2
15 18 3
0 2 5
3 6 3
3 5 4
8 12 5
6 9 3
20 23 2
2 3 2
16 19 4
13 16 2
19 23 4
18 21 5
18 21 4
6 10 1
16 19 5
6 9 4
13 16 3
3 6 2
3 5 5
18 22 2
15 19 3
21 0 2
20 22 3
1 3 2
18 20 3
3 4 3
19 20 4
1 3 5
6 8 1
5 8 2
14 19 5
14 17 3
3 5 4
8 10 4
14 17 3
2 6 4
0 1 3
0 2 2
15 17 5
11 14 1
14 16 2
0 3 2
13 18 2
11 13 2
16 20 1
13 16 1
3 6 3
2 5 4
2 3 5
13 17 5
14 18 2
5 9 3
12 15 2
20 22 5
19 23 2
23 2 2
17 19 4
2 5 4
22 0 4
8 9 1
7 11 4
5 8 3
21 0 3
0 2 3
10 13 2
16 18 4
1 5 1
9 12 5
15 17 1
2 5 1
19 22 5
10 13 1
11 15 2
10 13 3
11 14 5
7 11 5
0 3 3
16 19 1
11 13 5
23 3 1
18 21 1
5 7 5
4 7 3
9 12 4
19 22 1
5 7 5
22 3 3
14 16 1
19 21 3
8 10 3
15 18 4
12 15 1
16 18 3
12 16 5
9 12 1
10 12 3
18 19 5
18 21 3
3 4 5
17 20 2
22 1 3
6 10 2
21 0 4
8 9 3
21 0 1
16 17 1
17 19 5
11 11 3
19 22 4
17 20 5
3 6 4
7 10 2
15 18 3
21 23 4
15 17 2
11 14 3
12 14 3
3 6 5
18 21 5
14 17 1
19 1 2
14 14 1
4 7 5
5 6 4
18 19 1
1 4 5
17 19 3
23 4 4
22 2 2
6 9 3
19 23 4
2 4 1
1 2 1
11 14 3
14 18 4
10 14 5
12 16 2
16 20 5
21 0 2
8 12 3
11 14 3
3 6 5
22 0 2
13 17 4
0 3 3
9 13 2
1 3 4
11 16 2
6 9 4
8 10 4
23 2 1
1 3 2
3 8 5
9 13 1
14 16 1
8 13 2
20 1 3
15 17 5
17 20 3
20 23 5
12 15 5
11 12 1
3 5 1
4 7 3
6 11 4
19 22 1
6 9 5
11 14 1
3 5 3
15 17 1
10 14 3
21 1 1
13 17 1
17 20 2
2 5 5
9 13 2
5 8 4
20 0 2
18 21 2
6 8 2
22 0 4
2 6 1
17 21 1
7 10 1
22 2 1
4 7 4
2 6 3
13 17 3
9 12 5
15 18 4
10 12 4
11 14 3
2 6 1
14 16 1
7 10 5
15 18 3
13 15 5
15 18 5
20 0 4
13 14 2
14 18 1
13 15 5
19 22 4
12 16 3
8 11 4
5 9 4
17 19 2
0 4 5
23 2 1
8 12 1
12 15 5
0 4 5
15 18 2
0 3 1
11 15 3
15 18 2
0 2 2
21 1 3
8 12 1
20 0 3
15 18 5
20 23 5
22 0 4
23 1 1
1 6 4
14 16 2
1 3 3
2 3 4
20 22 4
9 11 2
6 10 3
9 12 1
8 12 1
13 15 5
0 5 2
11 14 5
3 7 4
13 15 2
21 23 1
16 18 5
9 12 1
20 0 2
2 5 1
2 5 4
19 22 5
21 23 2
14 17 2
19 22 5
21 0 2
16 18 2
7 9 1
5 7 5
4 6 4
12 15 4
16 16 3
20 23 1
18 21 1
8 10 3
18 20 1
12 15 1
2 4 2
11 15 4
0 2 2
21 1 5
23 2 4
9 12 5
19 22 1
4 6 2
16 19 2
7 11 4
8 11 2
0 4 3
20 23 2
23 3 1
5 9 4
10 11 5
23 2 5
19 23 1
14 18 1
21 23 4
1 2 5
16 19 2
13 17 4
18 21 2
21 1 2
8 10 4
13 16 1
18 20 3
12 15 4
15 18 5
19 22 2
23 2 1
19 21 1
18 22 3
15 19 4
3 7 5
6 8 5
4 7 3
16 19 4
12 15 4
7 9 3
23 2 4
12 14 1
16 20 2
6 8 3
13 15 3
9 13 2
2 5 2
16 19 5
14 16 1
0 4 3
4 7 1
20 22 4
13 15 5
10 13 2
5 6 1
21 23 5
7 9 5
11 16 4
21 0 2
9 12 3
23 1 2
23 3 5
22 23 2
13 17 5
14 17 2
1 6 4
0 2 4
8 11 4
21 2 5
9 14 3
10 12 5
16 18 4
16 18 2
8 11 1
23 2 2
1 4 1
17 20 2
10 12 5
22 0 4
10 14 4
0 2 2
1 4 1
18 20 3
5 6 2
13 17 1
22 1 5
17 20 1
12 16 1
23 0 2
14 18 5
8 12 2
18 20 3
5 9 4
4 7 4
21 3 1
9 12 1
3 5 4
7 11 5
23 3 2
3 6 4
8 11 5
23 4 4
23 1 3
8 12 4
10 13 5
16 19 4
4 7 5
6 9 5
18 21 4
19 23 1
21 22 5
22 1 3
10 13 5
7 10 4
20 23 4
7 11 1
1 4 3
16 18 4
5 7 3
5 8 1
10 14 5
21 22 3
6 9 2
21 1 1
17 20 5
11 14 1
11 16 1
22 1 1
14 17 4
2 7 4
7 10 4
20 21 5
15 18 2
20 0 4
13 16 1
23 2 5
12 14 1
11 13 4
2 5 1
13 16 4
15 19 3
1 3 1
18 22 5
23 3 3
6 9 4
6 7 2
7 10 2
11 15 3
21 23 3
2 5 3
13 15 4
15 18 1
14 18 1
16 20 1
5 5 2
6 9 1
12 17 2
1 4 1
20 23 3
9 12 5
15 19 1
19 23 5
17 20 2
2 6 1
9 13 5
7 11 4
8 12 1
13 16 2
11 14 4
13 17 5
17 21 1
16 20 1
