2500 6
20 4 12 6 8 12 
1 3 1
18 20 5
12 13 2
10 13 4
4 7 6
11 14 5
3 7 1
3 7 4
23 2 4
18 20 1
2 7 6
3 5 4
19 21 6
16 20 4
2 5 5
14 16 2
15 20 3
20 0 6
10 13 2
17 19 2
14 15 3
23 3 5
4 8 3
15 19 4
6 6 3
1 4 1
9 12 6
23 0 3
21 22 2
23 3 6
1 5 6
12 16 4
10 13 3
18 21 3
12 15 5
16 20 3
18 20 5
21 1 5
12 14 2
19 0 1
17 20 4
14 17 1
11 16 3
22 2 5
11 13 2
1 5 2
2 5 3
8 12 6
23 3 2
0 4 2
15 18 4
16 21 3
14 19 6
20 22 6
3 5 4
14 15 6
23 2 6
23 3 3
11 14 2
5 7 1
23 4 2
11 14 1
13 16 2
8 12 2
2 6 6
14 16 4
19 23 6
7 10 6
14 17 1
9 13 6
20 0 1
2 5 5
2 5 3
18 20 3
5 8 1
13 17 4
1 4 3
5 8 1
12 16 2
20 23 3
4 8 2
22 1 5
11 14 1
0 3 1
19 21 4
8 11 5
15 18 3
12 15 6
8 10 5
20 23 3
9 11 5
9 10 1
22 0 2
9 10 2
4 5 2
0 3 2
22 1 2
12 15 2
0 4 2
1 5 1
0 3 3
21 1 5
5 9 5
0 2 3
23 2 3
5 7 2
14 18 1
19 21 3
8 11 5
1 5 6
18 20 2
9 12 1
12 15 2
9 14 1
2 6 2
16 17 1
17 21 3
7 10 4
2 5 5
6 12 5
13 15 6
9 12 1
23 2 6
10 13 1
23 2 3
0 2 6
12 17 3
22 0 1
11 16 3
16 19 5
23 3 3
18 21 3
21 23 2
23 0 4
13 16 5
10 15 1
8 11 1
22 1 4
21 0 6
19 22 5
21 23 1
0 4 4
1 4 2
20 23 2
9 13 3
12 15 1
10 14 5
14 17 2
17 19 3
19 21 2
21 1 4
10 13 4
13 15 5
16 20 3
12 15 1
12 16 3
2 7 3
7 10 4
12 13 2
5 7 3
23 2 3
18 22 6
14 18 1
1 3 1
5 6 6
10 13 1
14 16 2
12 15 4
7 11 2
8 10 4
11 15 1
18 20 2
11 16 6
9 13 1
21 0 3
6 9 3
6 10 4
5 9 6
0 4 3
8 11 4
9 14 1
19 23 4
18 21 5
10 12 4
23 1 3
18 21 6
1 2 1
19 0 1
12 15 1
16 18 4
9 12 2
17 19 2
13 17 3
4 9 1
17 19 2
1 4 4
5 8 4
20 0 3
9 12 5
15 21 6
23 3 4
20 0 4
16 18 6
3 6 6
20 22 2
11 14 6
9 12 5
20 0 3
7 10 1
0 1 1
3 6 4
4 7 1
19 22 2
9 12 6
19 22 1
8 10 4
19 21 2
2 5 2
14 17 6
5 9 5
19 22 4
8 11 5
23 2 1
14 17 6
23 3 3
11 13 6
12 13 6
22 1 1
21 0 4
14 18 4
17 20 2
20 21 3
4 8 2
10 13 2
4 8 4
21 0 4
23 0 2
14 16 4
7 10 2
19 21 4
21 0 3
16 20 2
8 11 2
5 8 5
5 10 2
11 15 5
0 4 4
3 7 4
3 6 5
14 18 3
21 23 5
16 20 2
16 19 1
12 16 6
9 11 3
11 16 2
19 21 1
23 1 1
1 4 4
3 7 2
20 23 3
6 10 6
13 17 3
14 18 1
9 12 1
6 9 5
8 12 3
12 16 6
4 7 6
7 10 4
19 0 2
7 11 2
14 17 5
10 14 3
20 0 1
22 0 2
23 2 5
8 10 5
3 6 1
4 7 1
2 6 4
13 18 6
19 21 3
20 22 3
6 9 1
3 7 5
16 20 6
15 17 4
14 17 4
6 10 1
12 15 2
19 23 3
23 3 6
1 2 2
13 18 3
16 20 4
2 3 4
23 23 5
7 10 5
9 12 5
6 10 4
19 21 4
21 22 4
19 22 5
16 19 2
12 14 6
13 16 6
20 23 4
12 13 5
8 11 3
1 4 3
17 19 5
14 16 5
19 22 5
21 0 4
17 21 2
17 21 6
8 11 4
23 3 2
8 11 6
7 10 4
21 23 4
4 8 2
7 9 1
2 5 4
2 5 2
21 0 5
20 23 2
22 1 2
17 19 6
14 17 1
19 1 1
17 21 6
18 21 5
6 9 3
20 2 2
19 21 5
6 9 4
13 15 3
8 12 3
13 16 4
21 23 1
7 9 3
17 21 4
19 22 1
20 1 6
9 11 5
14 18 4
2 5 2
4 8 3
22 0 6
11 13 3
22 1 6
1 3 6
0 4 6
1 2 5
9 14 5
8 12 6
12 12 1
13 15 2
6 9 6
4 8 4
0 2 4
22 0 2
10 13 5
5 8 3
18 21 4
20 22 4
10 12 6
11 13 3
16 19 5
10 13 1
17 20 2
22 1 1
7 11 6
14 18 1
10 12 4
20 21 1
21 22 3
20 23 6
21 0 3
22 2 6
13 17 5
12 16 3
23 2 4
9 13 4
18 20 1
0 4 4
3 5 6
0 3 5
19 22 6
15 17 1
7 9 4
13 19 3
0 2 4
2 4 1
22 1 6
13 17 3
19 23 2
6 8 3
6 10 5
13 17 5
20 22 2
5 10 1
20 20 3
2 6 6
22 1 4
19 21 1
17 21 2
11 14 5
7 12 3
21 0 4
2 4 6
17 19 4
3 6 4
23 1 1
19 22 3
6 9 1
14 18 5
0 1 2
18 23 5
11 14 4
3 7 5
11 15 2
17 19 4
19 23 1
17 20 1
13 14 6
22 0 2
15 17 4
19 21 6
16 20 6
8 11 4
21 1 3
11 15 5
14 17 6
0 2 4
20 21 5
5 8 1
21 23 4
19 23 3
2 4 4
13 18 5
0 2 4
15 18 4
21 23 4
11 15 3
23 2 4
3 4 6
5 8 3
20 23 3
19 22 6
7 11 3
0 3 3
17 18 2
6 11 5
8 11 5
12 13 3
6 10 3
6 7 6
6 11 5
13 17 5
15 19 5
9 13 2
19 21 3
22 1 5
20 0 2
16 23 2
17 19 4
8 9 5
5 7 3
20 22 2
1 3 5
7 10 2
15 17 5
17 19 2
23 1 1
3 6 6
14 18 4
7 11 5
6 9 2
6 9 3
21 3 5
9 11 1
4 9 5
2 6 4
1 6 5
15 18 3
23 0 3
3 7 3
10 14 2
0 4 6
7 8 6
1 4 5
12 14 4
23 1 1
23 1 1
5 8 5
2 5 1
0 2 1
19 21 6
1 4 2
18 21 5
5 10 5
6 7 2
7 12 6
15 18 2
1 3 2
12 18 5
9 13 1
9 12 6
3 5 6
19 23 2
8 11 4
7 10 2
20 0 2
13 15 4
17 18 5
12 16 4
20 23 3
1 5 5
16 19 2
20 22 1
1 6 4
12 15 5
16 18 6
6 11 2
22 0 4
19 23 5
16 21 2
8 12 3
4 7 5
19 21 4
13 17 1
14 17 5
12 14 5
8 12 4
4 7 5
15 17 6
2 6 6
5 7 1
17 19 5
3 5 4
7 9 6
15 19 5
12 15 6
10 12 1
7 10 4
20 0 6
18 21 4
14 16 5
18 19 3
16 19 3
16 20 3
0 3 6
10 13 3
18 20 2
1 3 2
6 10 1
14 17 3
19 22 1
13 16 6
12 15 5
10 14 1
6 9 1
15 20 4
23 3 6
21 23 4
1 3 5
7 9 6
1 2 6
16 16 4
3 8 3
1 6 6
20 23 3
10 13 4
20 0 1
1 3 4
6 10 2
9 11 2
3 6 3
12 13 6
2 6 3
6 9 4
3 7 4
9 12 5
18 21 4
12 16 3
8 11 4
13 15 4
17 20 2
1 5 6
15 16 1
8 11 6
10 13 4
0 4 3
20 23 3
13 16 5
2 4 1
9 11 4
18 23 2
12 14 4
4 4 5
3 8 5
13 17 1
5 8 5
4 6 2
9 12 3
10 12 2
4 7 1
21 23 2
5 6 4
12 14 6
3 6 5
2 3 2
22 2 4
13 16 2
2 4 4
20 23 2
1 3 6
23 3 6
23 0 2
4 7 6
15 16 6
20 22 4
22 23 3
9 11 4
11 14 3
18 22 4
20 1 3
13 17 1
22 3 1
13 15 4
7 10 4
1 4 6
9 12 3
21 23 3
2 7 3
19 23 4
8 12 6
23 2 4
9 12 6
2 3 1
1 3 4
1 5 4
7 11 6
9 12 5
5 9 1
20 0 6
1 3 2
14 18 3
22 1 6
5 8 3
10 13 3
1 4 2
4 7 6
5 7 3
8 10 2
9 11 5
9 12 1
22 0 6
12 16 5
19 21 2
17 21 4
12 16 2
19 21 1
4 8 4
2 6 1
23 1 1
7 9 1
23 1 4
14 18 5
6 10 6
21 22 5
8 10 2
10 13 6
8 10 3
17 20 6
8 11 5
11 14 2
13 16 1
8 12 1
6 9 1
21 0 6
15 18 1
17 19 1
18 21 6
21 23 4
8 11 6
3 6 3
8 11 1
9 13 2
2 4 1
19 22 2
5 8 3
18 21 6
13 17 1
18 20 3
19 21 6
2 5 5
3 6 1
10 13 4
21 1 4
3 6 1
4 7 1
19 0 5
17 19 4
4 7 4
19 22 3
22 1 1
20 0 6
20 0 3
7 8 1
1 3 6
0 3 2
1 3 5
15 18 1
19 21 1
17 19 3
3 7 4
12 14 6
2 7 4
7 9 1
16 18 4
11 14 4
6 8 2
3 4 5
15 18 2
8 11 2
9 12 3
12 15 1
9 10 3
0 4 1
17 20 3
0 3 4
6 8 1
19 21 1
5 7 3
16 19 6
3 6 2
10 13 1
7 11 1
23 2 6
16 19 5
13 15 4
11 13 1
13 16 1
23 1 6
12 16 2
15 19 5
14 16 3
19 21 4
2 7 5
2 3 5
4 7 2
13 17 4
9 11 6
4 5 5
6 7 2
9 13 5
18 20 2
8 11 5
0 2 1
23 3 6
10 14 5
23 4 3
6 11 3
12 16 3
1 3 6
17 19 5
5 9 4
18 19 5
17 19 1
22 1 2
23 2 3
18 0 4
14 16 3
23 0 4
19 0 1
12 14 2
10 13 4
17 19 3
7 8 3
13 16 5
20 0 3
22 2 3
5 10 1
6 9 3
22 1 4
3 5 1
11 15 3
18 21 3
5 9 6
12 15 4
21 0 3
14 16 5
3 6 4
22 0 5
1 2 2
23 2 6
16 21 4
23 1 5
6 10 1
8 10 2
8 11 2
20 23 2
22 3 6
9 13 5
5 8 6
1 4 1
7 10 1
12 15 4
7 10 1
8 11 6
7 10 2
11 14 4
3 6 6
20 0 1
18 21 6
5 9 4
1 5 6
22 23 1
10 12 4
21 1 5
5 8 4
0 3 5
11 15 5
9 12 5
8 11 6
23 2 3
7 9 1
17 22 2
17 20 3
21 0 2
10 12 4
0 2 4
21 1 3
5 8 3
23 2 5
14 17 3
18 22 4
12 16 2
9 13 3
21 0 4
21 1 1
19 23 4
14 18 6
1 3 5
5 6 2
5 8 5
23 1 3
10 14 5
3 5 5
13 17 1
17 19 1
12 15 6
14 17 1
3 7 6
13 17 5
19 22 3
17 21 4
20 23 5
2 4 2
7 8 5
14 18 3
19 23 4
0 2 4
22 2 3
3 7 6
0 2 5
19 23 3
5 8 1
15 19 4
20 0 5
1 4 1
9 10 1
13 17 1
2 6 2
18 21 4
10 13 6
20 23 3
19 0 3
2 4 5
8 12 5
10 12 6
1 3 5
14 17 6
6 8 3
23 3 5
22 2 2
6 8 2
0 4 1
4 9 1
18 21 5
0 5 6
11 14 5
2 6 6
19 23 3
0 4 6
22 1 1
5 6 3
6 8 3
14 16 6
12 17 1
18 22 2
2 4 4
8 10 3
20 22 4
15 18 2
9 12 4
8 10 4
18 20 1
7 10 6
8 11 3
22 1 3
17 21 4
3 6 2
21 23 5
17 20 5
18 21 5
3 7 4
16 17 5
9 12 4
19 22 6
16 19 4
14 17 6
16 18 4
13 16 3
15 18 2
13 16 2
2 6 4
1 3 3
7 10 4
17 23 5
11 14 2
14 19 1
22 1 4
18 20 6
20 23 3
12 16 1
17 19 5
8 11 2
18 22 3
1 4 5
1 5 5
19 23 1
11 14 6
18 21 4
10 13 5
18 20 6
23 1 1
4 7 2
12 12 2
14 17 5
16 19 6
18 21 6
4 7 6
6 9 2
0 3 3
9 12 4
0 2 2
2 7 2
13 16 4
0 3 4
9 12 3
5 7 1
5 8 6
3 4 5
20 0 3
11 13 2
15 16 6
12 15 4
5 9 2
16 18 4
19 22 6
14 18 6
3 7 1
0 2 4
4 7 2
13 15 4
15 18 2
0 4 4
17 20 4
9 14 5
21 2 6
9 14 5
13 17 2
2 4 3
2 5 6
23 3 6
19 21 5
2 5 6
11 15 2
13 17 5
8 11 3
12 15 1
7 10 1
9 12 6
23 2 2
23 3 2
4 5 3
6 8 3
21 1 6
9 11 3
21 0 1
10 14 3
2 5 1
8 12 4
3 4 3
0 2 3
22 0 5
7 9 4
4 7 1
22 1 4
7 9 6
3 6 2
4 7 5
10 12 2
9 11 1
12 15 5
9 11 1
22 0 3
8 10 3
6 10 4
20 22 5
15 19 3
7 8 5
8 11 6
3 4 1
22 0 2
17 19 6
8 10 2
22 2 2
23 2 2
16 19 5
10 14 5
15 19 1
4 7 4
15 17 5
3 6 2
1 5 5
0 3 6
3 7 5
8 10 4
3 6 6
11 16 1
7 10 4
15 18 2
13 17 3
1 5 1
19 0 6
0 2 2
11 15 3
15 20 5
6 9 6
16 18 4
5 8 2
21 1 2
9 14 2
20 2 5
8 13 5
4 6 2
3 5 6
15 18 6
12 16 5
8 12 1
0 4 3
3 6 4
23 0 1
13 15 4
15 18 5
21 1 6
15 17 5
13 17 1
0 4 4
17 20 5
4 8 3
8 11 3
11 13 2
3 6 6
10 12 6
5 10 4
17 20 3
18 19 1
0 2 2
17 20 3
1 5 5
15 19 6
12 15 1
18 22 2
13 16 2
5 10 3
20 0 6
13 16 4
1 2 6
19 23 3
20 23 3
10 15 5
17 22 6
20 23 4
1 4 2
22 23 6
7 12 6
3 8 3
0 5 2
22 0 4
17 19 6
13 17 2
3 5 6
4 7 5
11 13 4
11 14 6
18 20 1
18 23 2
4 7 4
22 1 5
16 17 4
4 7 2
2 6 3
4 5 1
20 23 4
7 10 1
4 7 3
19 20 4
12 15 1
10 14 5
14 16 5
21 1 4
21 0 5
19 23 4
22 1 2
21 1 6
4 6 5
5 10 3
2 6 5
11 13 3
13 17 4
10 13 6
10 14 1
4 6 5
0 2 6
9 10 6
15 20 2
21 0 5
12 15 5
8 10 4
19 22 1
5 8 1
14 16 3
2 5 5
7 11 2
12 14 1
18 21 4
13 15 6
20 0 1
6 9 6
2 5 2
22 1 1
13 17 4
18 21 2
19 22 2
23 2 4
23 2 2
5 8 2
8 11 6
11 14 1
19 22 1
19 23 3
3 6 5
17 21 5
7 11 5
3 5 2
19 22 2
7 10 4
1 6 6
7 9 1
1 4 4
15 18 5
13 16 4
3 6 5
0 4 3
13 16 4
1 4 6
14 18 3
9 12 2
15 18 4
18 21 1
1 5 4
7 12 6
8 12 1
18 21 4
2 3 6
1 3 6
12 15 2
23 0 2
21 23 5
18 21 3
8 12 5
14 18 5
13 16 6
10 14 3
12 16 6
20 0 6
3 5 4
13 17 1
6 10 4
0 2 3
0 2 1
12 14 3
23 2 6
17 20 1
5 8 6
17 22 3
7 10 5
12 14 5
12 16 3
22 23 3
5 8 6
9 13 1
2 5 3
15 19 4
21 0 4
7 11 1
15 17 2
12 15 5
4 7 2
2 6 6
21 1 2
23 2 6
23 3 1
10 15 2
4 7 5
6 8 3
17 22 4
23 1 1
6 10 1
18 20 5
8 10 2
1 3 3
19 23 4
5 8 4
14 18 3
3 6 1
20 22 5
17 21 2
19 23 4
6 8 6
4 7 5
8 11 3
12 15 3
8 11 6
14 17 5
23 2 1
13 17 1
1 3 1
1 3 4
4 6 4
16 18 1
5 7 6
4 7 2
0 4 3
6 11 6
2 5 6
22 0 3
2 7 5
9 11 3
19 23 2
1 4 1
16 19 4
3 7 2
5 9 1
23 3 3
12 15 3
2 6 4
3 6 6
23 2 3
0 4 4
8 11 6
21 2 1
10 15 2
16 20 3
10 12 4
14 18 3
1 6 1
0 1 1
15 19 2
17 20 6
13 17 5
6 8 3
5 8 6
1 3 3
11 16 6
2 6 6
6 10 6
18 20 2
14 16 5
1 5 6
11 15 1
15 18 5
7 10 6
23 2 4
19 21 1
7 10 6
18 20 4
8 12 6
21 2 4
10 12 4
6 9 2
7 9 3
15 17 3
3 8 5
19 22 6
2 5 4
1 3 6
16 18 3
9 13 1
21 0 2
22 1 5
22 2 5
7 10 2
5 8 6
7 9 2
6 8 4
1 4 3
22 2 4
11 15 4
22 0 2
1 2 5
20 23 6
23 1 6
18 20 6
8 11 5
11 15 3
1 5 6
2 3 6
7 10 3
19 20 6
21 0 1
14 14 5
4 9 5
6 10 3
19 23 4
12 16 1
21 0 5
20 22 5
2 5 4
9 11 2
19 22 3
1 4 6
15 21 3
13 15 6
20 22 1
4 7 1
11 15 5
17 21 4
0 2 6
2 5 3
13 15 6
23 1 4
1 3 1
15 19 5
17 21 3
9 11 6
0 3 5
2 3 3
3 7 2
17 20 3
18 22 1
18 21 1
11 15 1
4 8 2
22 1 4
18 21 5
13 16 2
21 23 1
8 10 1
1 4 6
22 1 1
5 7 3
3 6 3
1 5 4
8 11 6
5 9 4
22 0 5
18 20 5
17 20 4
10 14 6
0 3 1
23 2 1
23 3 2
21 23 4
1 4 5
2 4 5
1 4 3
8 11 5
23 3 2
18 19 3
8 13 2
16 18 4
16 18 6
7 11 6
17 18 5
0 4 1
22 2 2
6 10 3
12 14 2
4 6 1
2 6 2
8 11 2
1 3 3
10 12 3
9 14 3
11 13 2
20 23 5
9 12 3
20 0 6
20 22 1
4 6 4
0 2 1
6 9 3
18 21 5
20 23 1
16 21 6
19 21 1
4 6 6
19 21 2
11 14 4
16 19 6
10 12 2
2 5 2
12 16 4
15 19 5
9 11 3
9 12 1
18 21 4
12 15 6
21 0 4
13 16 3
22 23 4
18 22 3
15 17 3
9 13 3
12 15 6
0 4 6
5 8 3
4 6 4
11 15 6
9 13 5
10 13 2
1 3 4
6 10 3
17 21 4
22 0 2
22 1 2
0 3 6
16 20 3
6 10 3
6 11 2
23 2 3
18 20 5
13 17 2
22 0 2
4 8 5
19 23 1
7 12 6
19 22 1
8 10 3
22 0 1
6 9 3
2 3 6
20 22 5
22 2 6
7 10 3
7 10 6
13 16 6
17 19 5
0 3 2
4 8 6
9 12 4
18 21 2
14 17 6
11 13 5
6 10 1
12 16 5
19 21 4
6 8 6
18 20 4
4 8 6
16 17 1
21 23 3
18 22 4
4 8 5
11 15 4
2 6 2
1 2 1
0 4 4
0 2 1
0 4 2
5 7 1
10 13 3
3 8 3
16 17 6
6 10 3
20 0 6
8 11 1
21 1 1
16 20 3
2 5 3
9 10 6
20 2 4
15 17 6
7 11 3
3 7 1
22 0 4
0 2 2
4 7 2
0 1 4
20 23 2
5 8 6
7 9 6
15 18 5
4 6 4
4 5 2
9 15 1
3 6 5
10 14 1
14 16 2
12 15 3
16 18 4
23 3 3
14 16 1
14 16 3
14 17 2
22 3 4
13 18 3
8 12 1
1 3 5
22 1 6
16 21 1
21 0 3
0 4 2
8 10 1
17 19 1
11 13 2
12 14 6
2 5 2
17 19 5
7 10 3
5 8 6
11 14 3
22 0 2
14 17 4
12 15 2
2 5 3
7 10 2
7 9 2
6 10 4
20 22 2
7 11 1
7 11 6
7 9 1
23 1 2
8 11 1
3 5 2
12 16 1
11 14 6
6 10 5
19 20 4
18 20 3
21 1 4
13 15 5
1 3 5
22 1 2
13 16 3
21 1 1
14 18 4
4 7 2
23 2 6
0 3 6
8 10 1
22 0 6
23 0 4
11 14 5
16 20 2
9 11 1
6 8 4
17 21 3
1 4 6
8 11 5
2 4 2
23 3 1
11 14 3
9 11 6
2 4 3
13 16 1
19 22 1
4 7 5
9 12 1
7 10 6
5 8 5
11 14 6
2 4 1
0 1 4
18 19 3
0 2 6
3 8 5
6 9 4
22 1 2
4 9 4
1 2 6
11 16 6
21 23 5
1 3 1
11 14 5
16 17 1
10 12 5
15 19 3
18 22 6
14 16 2
19 0 1
13 16 4
5 8 3
12 15 4
19 23 4
14 16 2
12 15 2
16 20 5
8 12 6
1 4 2
1 4 1
9 12 6
14 18 3
1 4 6
22 22 6
4 8 6
21 0 3
8 10 6
13 15 2
21 0 4
20 22 4
19 20 6
16 19 1
7 9 6
8 11 6
8 11 4
11 13 3
9 11 2
22 1 5
6 10 1
14 17 5
7 9 4
16 18 1
2 6 5
20 22 3
22 0 3
3 6 5
0 1 3
9 12 1
12 15 2
19 22 5
3 6 3
22 0 3
8 12 5
21 1 4
11 12 5
19 22 2
16 18 6
5 6 3
21 23 2
23 2 2
18 21 4
0 4 5
12 15 2
11 13 2
1 4 3
5 8 2
8 11 2
5 10 3
3 6 5
16 19 1
16 20 6
15 17 4
0 3 4
9 11 2
10 14 4
19 0 6
16 18 4
20 23 1
3 7 3
23 1 6
19 22 1
12 16 2
4 8 2
20 21 4
1 4 5
10 14 2
6 8 6
0 4 6
13 17 1
2 5 6
0 3 4
13 17 5
9 12 2
20 22 1
13 17 1
3 4 6
4 8 6
13 17 6
0 1 1
20 0 2
19 23 6
1 4 5
7 10 5
2 5 6
22 2 4
1 3 2
3 6 4
8 13 3
19 22 6
8 12 1
10 14 3
13 17 2
2 5 4
23 2 1
11 15 4
5 8 4
0 3 1
8 11 3
11 14 6
20 1 4
16 20 5
8 12 2
18 23 2
23 1 2
22 23 3
20 22 5
8 11 4
10 13 4
14 18 2
12 15 5
8 11 4
14 19 1
15 19 4
1 3 4
13 16 3
17 19 3
4 8 4
9 13 3
18 21 3
17 20 4
16 19 2
10 15 6
21 22 1
17 18 2
4 6 2
12 15 4
0 1 1
20 1 5
2 4 5
19 21 6
1 3 4
10 12 3
2 4 2
0 1 4
17 19 2
2 4 3
1 4 4
13 15 6
0 2 3
6 8 1
23 3 3
12 17 4
8 10 4
12 15 5
15 17 1
17 21 2
15 18 1
0 4 2
21 0 5
7 10 3
9 12 1
23 2 6
1 3 6
23 1 3
21 1 2
16 17 3
5 8 2
4 6 2
15 17 1
1 3 5
16 20 3
21 23 2
14 17 1
8 10 5
21 0 1
20 23 6
23 2 5
8 11 1
3 7 2
11 14 3
0 3 5
18 22 3
11 15 1
22 1 2
23 1 1
16 17 4
6 11 4
10 13 5
17 19 5
22 1 6
19 22 6
18 22 3
12 15 4
17 21 4
12 17 3
14 16 5
13 16 5
22 0 1
2 5 3
13 16 1
4 8 2
15 17 5
6 9 4
2 6 1
3 6 2
21 2 3
6 9 3
10 12 4
15 18 6
2 5 3
16 19 6
1 4 3
3 6 5
22 1 2
8 11 5
18 22 2
2 7 2
9 12 3
14 16 3
20 23 1
11 15 5
14 16 1
7 10 1
4 7 3
16 19 5
5 9 4
23 1 5
17 19 1
15 18 6
15 18 2
23 2 1
6 8 5
17 20 6
6 8 4
2 6 1
16 18 1
20 23 4
1 2 5
8 11 3
22 1 1
23 2 1
22 0 3
18 21 3
4 7 6
16 17 4
8 11 4
17 21 6
2 5 3
15 18 5
7 9 2
12 14 3
22 1 2
19 22 5
18 22 6
20 22 5
15 17 2
21 0 3
12 16 2
19 23 2
1 3 5
2 3 6
9 14 5
17 22 1
22 0 4
11 13 6
7 11 3
2 6 2
21 0 6
8 9 1
13 16 6
0 3 1
23 1 1
17 19 6
4 6 2
16 20 3
11 13 3
17 21 6
11 14 2
19 23 3
14 18 1
8 10 5
3 6 1
4 7 5
1 4 5
12 13 3
23 3 4
4 7 4
14 19 2
6 10 1
18 21 1
13 16 3
16 19 5
9 12 4
21 0 2
7 11 5
2 4 5
7 9 2
14 17 2
23 2 4
2 5 5
2 5 5
15 17 4
14 17 1
8 11 2
21 0 2
13 16 4
12 14 1
15 17 3
12 14 1
20 23 5
20 22 3
9 12 3
7 11 1
20 22 6
21 1 3
18 21 3
18 20 2
4 7 5
9 12 1
6 8 3
12 15 4
6 10 3
20 23 4
5 11 4
19 22 4
5 9 6
1 5 1
2 5 2
14 16 2
17 20 4
10 13 1
2 6 3
22 0 3
4 7 6
0 4 3
3 5 4
10 13 5
21 2 2
20 0 4
15 18 6
21 23 1
14 19 2
13 14 5
17 22 2
12 15 3
4 7 4
17 20 6
21 1 2
11 14 4
9 11 5
8 12 6
1 7 2
1 5 3
7 10 2
22 1 3
13 16 3
6 9 3
15 19 3
5 8 3
22 1 2
1 5 4
0 3 5
1 3 3
12 17 1
17 22 2
6 10 5
23 0 5
10 12 6
6 9 1
14 17 5
12 14 2
15 18 2
2 5 6
21 22 2
7 10 1
0 3 2
12 15 6
1 7 6
19 21 5
21 22 3
5 8 5
17 21 6
16 20 1
3 5 6
21 22 5
0 3 1
19 21 3
3 5 1
22 3 6
2 4 6
9 11 2
5 8 4
19 20 3
12 13 4
6 9 5
11 14 4
14 19 5
18 20 5
12 15 2
12 13 1
18 22 6
5 6 5
17 21 3
5 9 1
13 16 4
0 3 5
21 23 6
4 4 1
23 3 3
16 19 4
21 23 5
5 10 6
21 1 3
9 10 5
23 1 2
11 14 4
16 19 4
0 3 4
1 4 6
20 0 5
19 21 6
4 7 5
21 0 3
10 14 1
13 16 4
20 0 4
13 17 1
16 19 4
10 13 6
1 4 1
8 13 3
14 16 2
4 8 1
10 15 5
12 16 2
20 0 3
4 8 5
2 5 3
10 14 3
11 13 3
12 14 3
0 1 3
5 9 4
4 6 1
6 9 4
6 8 1
1 4 6
9 12 3
5 8 3
15 18 3
15 19 4
1 5 6
1 3 3
5 8 1
4 8 1
19 23 4
6 7 4
7 9 6
4 6 4
15 18 1
1 5 3
21 1 1
14 19 4
13 17 5
4 7 1
4 7 2
15 18 1
15 19 5
19 23 4
7 9 3
20 23 4
1 4 6
4 6 5
18 20 5
3 5 3
23 1 3
15 19 4
0 3 3
3 5 2
11 13 4
21 0 3
10 14 5
8 11 5
6 10 3
7 11 4
5 8 1
7 9 4
8 10 1
1 5 2
3 5 4
17 19 6
5 8 2
15 17 4
19 21 1
5 8 3
2 4 1
14 17 4
23 2 2
1 4 3
18 20 2
15 17 2
20 23 4
6 9 5
2 4 6
1 4 6
4 8 4
0 2 4
8 12 3
6 10 3
19 21 1
9 13 1
7 8 3
9 12 3
13 17 6
17 20 3
14 18 1
2 6 6
8 11 6
14 18 1
11 14 3
22 2 1
17 20 2
7 10 5
13 17 6
9 10 5
16 17 4
22 0 6
3 6 3
4 8 6
6 9 5
6 8 2
9 10 3
16 19 6
19 22 1
22 1 4
22 1 3
16 19 4
13 16 6
14 17 6
14 17 5
16 20 5
16 18 1
23 2 4
4 9 4
5 7 4
21 1 4
17 20 1
12 16 3
23 1 1
9 12 3
3 7 1
16 20 5
7 9 4
18 22 4
19 21 3
1 3 4
5 7 2
20 0 4
21 0 6
9 13 4
4 7 2
16 19 3
18 0 6
0 3 6
18 22 2
17 22 5
23 2 3
6 9 5
19 21 1
18 19 5
1 5 4
7 10 2
4 5 5
4 7 4
7 10 4
8 10 2
15 19 6
19 22 3
19 23 4
1 6 4
20 22 4
4 7 2
10 13 6
20 0 4
7 9 2
13 16 3
2 4 4
9 10 6
1 3 5
18 21 4
7 10 5
10 13 2
9 12 6
4 7 1
2 5 3
18 21 3
23 1 3
10 12 3
2 4 2
0 2 1
3 7 3
23 3 3
23 4 2
6 9 5
7 10 6
6 9 5
23 4 1
3 6 4
18 21 6
5 8 1
1 3 4
3 7 3
19 22 3
0 2 5
22 0 5
14 16 2
14 17 3
7 9 5
2 3 1
0 3 4
0 4 6
14 16 6
11 14 4
6 11 2
3 6 6
6 9 4
4 7 4
20 0 4
23 1 6
10 13 1
4 8 1
1 4 5
6 10 2
22 1 2
4 7 5
7 11 2
16 21 6
14 18 4
5 8 3
15 17 5
19 23 1
21 0 3
21 0 6
23 1 3
14 17 6
0 3 2
14 16 2
4 7 3
8 11 4
17 20 6
6 9 2
16 18 5
20 22 6
9 11 6
13 15 3
19 22 2
20 23 3
5 8 6
17 21 1
3 4 4
1 7 4
8 11 4
5 8 1
7 10 5
2 5 4
8 12 1
4 7 1
12 15 3
11 14 1
3 7 2
7 10 2
22 0 3
2 4 3
6 8 4
7 10 4
9 12 2
4 6 2
0 3 2
18 21 1
5 8 2
8 11 2
3 7 3
14 17 4
13 16 2
5 8 3
15 17 5
0 2 5
11 15 3
5 8 5
19 20 3
14 17 2
16 18 2
9 13 4
2 4 3
20 0 1
13 16 4
15 16 3
14 16 3
5 6 4
11 13 2
8 11 3
21 0 1
12 14 4
20 23 5
9 12 5
17 21 3
12 15 2
10 13 5
11 16 2
23 2 2
21 0 6
11 13 3
22 1 5
18 23 5
9 13 1
21 22 6
16 19 5
20 23 2
23 2 4
6 10 2
6 11 3
17 20 2
5 7 1
23 2 3
9 11 4
22 0 1
13 16 3
19 21 5
7 11 4
23 1 1
17 19 2
17 21 1
6 8 5
8 11 3
18 21 1
12 13 5
14 18 5
8 11 3
1 4 1
8 9 3
22 3 5
22 1 2
16 19 2
8 12 5
1 3 1
4 8 1
17 20 4
11 13 3
21 22 4
20 23 3
4 7 1
4 7 1
14 18 2
11 13 5
14 16 4
17 21 3
11 13 1
15 16 3
6 9 4
4 6 5
15 18 3
20 0 3
21 22 2
21 1 5
5 8 3
17 20 1
20 23 1
15 18 1
15 16 6
16 20 4
0 3 3
15 18 1
22 1 1
10 13 3
9 11 1
15 18 6
17 21 4
3 5 2
1 3 4
16 20 3
18 22 6
10 13 4
19 0 3
0 4 3
13 16 5
1 3 5
7 10 6
3 5 6
17 20 4
18 22 4
4 6 2
7 9 6
18 20 1
19 21 3
20 0 3
6 8 5
9 12 3
12 14 6
22 1 5
1 4 4
20 1 3
4 7 4
9 12 3
17 20 3
1 4 2
0 3 2
4 8 4
0 2 4
15 18 6
12 14 3
3 8 2
4 8 3
4 5 1
19 23 5
5 8 3
22 1 2
15 18 5
2 5 3
7 10 2
21 0 3
17 18 2
13 15 1
1 5 4
7 11 1
5 9 3
23 2 1
15 18 6
15 18 3
13 17 5
22 1 3
18 20 5
18 23 4
4 8 5
7 8 2
10 13 1
8 11 3
10 13 6
2 5 2
16 19 3
9 13 4
9 12 2
20 0 5
6 8 2
14 15 2
3 5 6
17 20 1
0 5 6
18 20 6
3 6 4
17 20 1
21 2 4
16 20 2
0 1 2
4 6 3
20 22 5
23 0 4
14 17 3
1 4 1
18 20 2
0 2 4
3 6 1
9 13 2
20 23 5
2 4 6
22 2 6
21 0 2
6 9 4
4 8 3
18 21 6
5 8 6
12 14 2
13 14 3
4 10 6
13 17 6
16 20 2
6 11 6
11 14 1
5 11 4
17 21 2
2 4 2
