2500 4
7 1 12 3 
0 3 1
17 17 2
1 4 1
8 12 3
7 9 4
2 4 1
0 4 2
16 20 2
18 21 4
15 19 4
13 16 2
23 2 4
21 23 1
8 11 1
7 10 3
17 19 2
15 19 2
21 2 2
18 21 4
9 12 1
19 20 3
18 21 3
11 14 3
1 4 4
15 19 4
22 2 3
13 16 4
20 23 3
14 17 2
13 15 4
3 7 1
9 11 3
19 22 4
23 2 3
6 10 1
1 5 1
22 0 4
19 22 3
7 11 4
1 5 1
17 19 3
6 6 3
5 9 2
1 6 4
22 1 2
0 3 4
5 7 4
0 3 3
7 10 1
13 16 4
4 8 2
8 10 2
15 18 3
11 13 4
5 9 4
21 0 2
23 3 4
22 2 1
22 0 3
19 22 3
20 21 1
7 11 3
23 2 2
1 4 2
4 9 1
5 8 4
19 21 2
13 16 3
17 19 1
2 6 1
23 1 3
8 11 4
10 12 2
5 9 2
9 11 2
10 13 1
2 5 2
13 16 4
1 4 4
8 12 1
23 3 3
14 17 4
21 1 2
12 16 4
22 1 2
6 8 2
9 11 2
12 16 1
2 4 4
9 14 2
17 20 2
16 18 1
7 11 2
5 7 2
14 15 1
18 22 3
9 15 3
10 14 1
21 1 2
15 18 3
19 22 4
10 13 1
4 7 1
0 3 3
14 18 4
6 10 1
7 9 1
23 2 1
6 8 3
13 15 4
5 8 3
9 12 2
21 22 3
18 23 3
22 1 2
2 5 4
5 6 2
22 0 4
5 7 4
8 9 1
13 15 4
4 7 3
7 10 3
7 11 4
19 22 1
20 22 4
13 17 2
5 8 2
20 23 4
19 21 1
20 22 1
17 23 4
4 6 2
19 23 4
17 19 4
4 7 4
14 15 1
8 12 3
18 21 1
22 1 3
5 9 1
8 9 3
17 21 3
3 6 3
6 9 2
1 3 4
0 2 3
13 16 1
0 3 1
7 9 4
0 1 2
14 16 2
10 13 4
12 15 4
4 9 1
20 23 1
23 3 4
12 15 1
13 15 4
7 11 2
7 11 4
21 0 4
19 22 2
20 23 3
0 3 3
14 15 3
16 20 4
0 3 3
5 9 3
10 13 4
12 16 1
9 13 1
17 20 4
3 6 3
14 17 3
10 12 1
3 6 3
6 7 2
23 2 1
23 1 2
18 20 2
23 4 1
18 19 3
10 11 3
18 20 3
19 20 1
8 10 3
15 20 2
15 18 4
13 15 4
8 11 4
9 13 3
19 21 1
5 9 3
23 2 4
14 20 3
1 5 1
4 7 3
15 16 3
2 5 1
17 20 1
9 13 1
2 7 2
11 13 3
15 17 4
6 9 3
2 5 4
5 7 2
11 15 4
5 7 4
20 22 3
6 11 3
13 15 4
19 22 3
5 8 2
13 14 1
18 20 2
13 16 4
3 7 4
20 23 2
4 7 1
13 15 2
15 18 2
0 3 3
12 14 4
12 16 3
13 17 4
20 21 3
20 22 4
17 20 4
11 12 2
18 20 3
6 10 4
10 11 4
15 20 2
17 20 2
5 8 4
21 0 4
18 20 2
12 14 2
3 5 1
10 13 3
22 1 2
18 23 3
13 15 4
17 20 2
17 20 3
20 0 1
1 4 1
3 8 4
2 4 4
6 10 3
16 19 3
9 12 2
21 22 3
12 14 4
0 1 1
21 0 4
10 13 1
23 2 4
20 22 4
13 16 3
16 20 3
18 21 3
2 5 2
6 7 4
12 16 3
20 23 4
0 2 2
17 20 1
8 11 2
12 15 3
17 23 1
0 4 2
23 1 3
17 19 3
2 6 3
20 23 1
6 9 4
7 9 2
11 14 4
7 10 3
9 10 2
13 18 2
22 0 4
13 14 4
16 19 4
5 7 1
3 6 4
2 5 1
9 13 4
8 11 1
10 13 1
6 10 2
23 1 3
23 3 1
3 7 2
14 16 4
10 13 4
4 6 3
23 2 1
20 0 2
23 1 4
4 8 1
19 22 1
15 18 1
2 5 1
17 21 3
23 1 1
13 16 4
4 7 4
17 19 4
5 9 4
12 14 1
23 3 3
11 16 3
0 2 4
14 16 1
7 9 4
7 11 1
13 13 1
23 1 4
4 6 2
5 8 4
19 0 3
0 3 1
10 12 3
19 23 2
5 8 1
5 8 1
21 1 4
6 10 1
17 19 1
8 10 3
16 19 4
11 14 2
13 16 1
4 7 2
21 23 1
11 14 4
3 7 4
17 21 1
6 10 1
2 5 2
4 6 4
17 19 4
17 19 3
7 10 4
8 10 4
22 0 4
8 11 3
11 13 2
5 6 2
15 18 1
21 0 1
14 17 1
0 1 1
2 6 3
15 18 2
22 2 1
9 14 3
15 19 2
1 3 1
18 21 2
7 11 4
11 14 3
16 20 2
13 17 2
19 23 3
14 18 3
18 21 1
4 7 4
17 20 3
15 17 2
12 16 4
5 8 4
6 9 1
17 20 1
10 12 4
15 18 1
17 21 3
12 14 2
12 16 2
12 17 1
19 21 3
10 12 4
12 13 1
7 8 3
11 14 3
19 22 4
15 19 3
16 20 4
14 18 1
5 7 4
20 20 3
10 13 2
6 8 1
3 5 2
23 0 2
12 17 2
16 20 2
3 6 2
20 0 4
5 8 1
17 19 2
23 1 2
3 7 3
19 22 3
22 1 2
18 21 2
2 4 3
23 4 4
19 22 1
7 9 1
17 21 1
11 14 2
13 17 2
1 4 1
7 11 2
15 18 1
5 9 2
3 5 4
7 10 4
21 2 3
2 6 1
20 23 2
4 6 4
4 5 4
9 12 3
5 8 3
9 13 4
0 2 3
17 19 4
2 4 3
10 14 4
15 19 2
18 19 2
18 22 2
15 21 4
2 6 1
18 19 4
9 12 3
1 5 3
3 7 2
6 8 1
4 7 1
20 22 1
19 21 1
11 15 4
0 3 4
21 0 3
14 17 2
8 13 2
5 7 3
6 9 4
17 21 4
21 23 2
7 10 3
4 9 4
22 2 4
13 18 2
14 17 1
1 4 4
13 15 3
14 16 3
16 21 1
2 5 2
14 15 2
14 17 2
10 13 1
21 23 3
18 21 4
0 2 1
11 14 4
12 15 2
18 21 2
9 12 4
6 10 2
5 10 2
1 6 4
11 15 2
1 5 1
6 8 1
3 6 3
20 22 2
23 2 2
5 6 1
11 14 4
12 14 1
19 21 2
3 7 4
13 17 3
17 20 2
22 2 3
6 8 3
23 3 1
4 9 2
2 6 4
2 6 3
5 8 3
3 6 1
21 2 3
2 4 1
15 18 1
1 5 2
18 20 4
18 22 2
15 18 3
13 16 1
2 5 2
22 23 3
7 10 4
8 10 1
8 11 4
10 13 4
11 13 2
18 20 1
3 5 4
4 7 2
0 3 4
17 22 2
17 19 4
4 7 1
22 3 4
1 4 1
1 2 1
23 2 3
22 1 1
19 21 1
21 23 3
22 2 4
7 9 4
12 14 1
6 10 1
7 12 2
18 21 2
10 13 2
15 17 1
2 6 3
16 19 1
14 16 1
3 6 2
17 17 2
12 14 4
17 20 4
11 14 3
20 22 4
0 3 1
9 12 4
14 18 2
20 0 3
20 1 3
17 20 4
11 14 1
16 18 2
4 6 4
6 9 3
5 9 1
12 16 2
20 23 2
18 21 2
9 13 4
1 3 4
7 10 2
5 8 1
23 1 2
2 6 3
19 21 4
2 6 4
0 5 4
0 3 2
7 7 4
16 19 1
5 10 4
7 9 2
3 6 1
20 0 2
6 9 3
2 3 4
16 21 1
9 13 2
19 22 3
7 11 4
20 1 3
16 18 1
7 12 3
19 21 1
2 6 4
10 14 2
23 3 4
17 20 3
2 4 4
14 17 4
21 1 4
22 3 3
14 17 2
3 6 4
10 13 1
9 11 3
23 4 1
6 9 2
6 8 3
1 4 3
4 6 4
5 7 1
22 0 2
20 22 3
23 3 1
17 19 3
20 23 1
17 19 4
20 21 4
23 2 3
12 16 3
2 4 1
12 16 1
12 15 4
0 2 4
6 9 2
2 6 4
11 14 3
7 11 3
19 22 2
14 19 1
17 21 2
2 3 4
4 6 3
21 0 2
9 10 3
19 21 4
20 22 1
3 5 3
13 16 1
0 3 3
11 15 3
11 13 2
19 23 2
15 18 4
3 5 4
9 12 3
3 7 3
21 23 2
21 0 3
22 2 3
5 8 2
10 15 2
18 21 1
21 23 2
15 19 4
19 22 3
11 15 3
1 2 1
21 0 1
13 17 3
22 0 3
7 9 4
10 12 1
17 19 1
7 10 3
3 7 3
17 22 2
1 4 1
4 6 4
10 12 2
1 4 2
12 15 4
0 3 2
22 1 1
6 9 4
18 21 4
3 7 4
2 4 3
18 23 3
0 3 1
2 5 4
17 20 3
17 20 4
3 6 4
10 14 2
2 3 4
2 5 2
12 15 4
0 3 3
17 20 4
22 0 1
10 13 1
13 17 3
16 20 4
16 19 4
9 13 1
23 3 1
1 4 1
23 2 4
23 1 4
7 10 2
17 21 1
1 4 1
20 23 3
19 23 3
13 14 1
3 5 1
20 2 2
15 17 3
12 18 3
14 16 4
13 16 2
11 14 2
0 4 3
4 8 3
16 19 3
13 16 2
13 17 4
8 11 2
18 22 2
21 22 3
16 20 3
16 20 3
3 5 3
13 17 4
2 5 1
18 20 4
3 5 3
6 9 2
8 13 4
2 3 4
4 8 1
2 4 4
9 11 4
5 9 3
4 7 2
1 3 3
19 21 2
22 1 4
16 21 3
13 15 1
21 0 1
23 2 3
16 20 3
4 8 4
7 10 1
23 3 4
20 23 1
20 23 2
20 22 1
20 23 4
9 12 1
3 6 1
14 16 2
2 6 2
6 8 1
21 23 3
7 9 4
9 12 2
13 16 3
18 21 4
0 4 3
3 5 2
11 16 1
5 9 3
20 22 4
12 15 3
23 2 2
5 8 1
14 17 4
9 13 4
18 21 4
4 8 3
15 18 1
19 21 3
22 0 2
22 2 2
6 9 3
15 19 3
15 16 4
8 10 3
18 20 2
22 1 2
15 17 3
14 19 2
16 20 1
0 4 1
19 23 2
1 4 4
21 1 2
14 18 4
10 13 1
20 23 1
10 15 3
15 17 3
19 23 2
23 1 4
19 22 2
3 6 4
20 23 1
9 12 1
12 17 4
1 5 1
15 19 2
5 7 1
7 9 2
17 19 2
13 16 2
0 1 2
21 0 3
3 6 3
10 12 1
19 21 4
21 0 1
15 17 3
5 6 4
5 7 3
17 21 1
11 13 3
1 6 1
14 16 1
21 1 2
3 6 3
15 17 1
19 0 2
18 21 3
0 2 4
3 6 2
3 4 1
1 5 1
17 22 2
0 3 3
9 11 2
20 22 4
13 16 2
16 19 3
0 4 1
1 3 1
14 17 3
21 1 1
7 10 4
16 19 4
21 1 2
2 4 3
19 22 4
3 6 1
21 0 1
22 1 1
0 6 2
15 18 4
10 13 1
6 8 4
22 1 2
12 16 4
23 2 3
3 6 4
11 15 2
7 10 1
19 21 4
11 16 3
15 18 4
6 9 1
8 11 4
5 9 1
22 0 1
21 0 1
16 20 2
18 20 1
17 20 2
5 8 2
12 15 4
6 12 2
11 11 1
0 2 3
9 12 2
8 11 3
15 18 2
7 10 2
10 13 2
13 17 4
2 6 4
17 20 2
4 7 1
5 8 3
7 11 2
7 8 3
1 4 4
19 22 2
22 0 3
18 23 1
2 5 4
3 7 1
20 0 3
0 2 2
16 18 2
18 21 3
8 8 1
22 3 3
20 23 4
2 4 2
6 10 1
0 2 2
19 23 3
22 2 3
21 1 4
13 16 2
0 3 1
8 11 3
10 13 1
9 12 1
15 19 1
9 12 4
22 0 2
14 16 1
4 8 4
16 18 4
14 16 4
12 15 4
22 0 3
8 9 3
21 23 2
8 12 1
19 22 2
5 10 1
22 1 4
4 6 3
13 17 4
10 12 2
22 0 3
7 10 1
22 1 4
23 2 4
13 17 2
17 19 3
7 10 3
14 17 2
16 18 2
10 12 1
5 8 4
13 17 2
16 20 2
16 20 1
16 16 4
20 23 2
19 20 1
21 1 4
11 15 1
14 19 4
23 3 2
12 15 4
4 8 2
1 4 2
0 3 1
8 12 4
10 12 4
7 10 1
12 15 2
9 13 4
8 11 4
11 15 2
3 8 2
8 11 3
22 0 3
4 7 3
19 21 1
23 2 2
2 3 4
1 4 4
20 23 4
23 1 3
2 4 1
7 11 4
8 11 2
8 11 3
0 3 3
3 6 3
20 23 1
12 15 1
23 2 4
7 10 4
17 20 4
22 1 1
20 0 2
1 3 4
14 17 4
7 8 4
18 22 1
11 15 1
17 21 1
17 21 1
5 7 3
12 17 2
8 11 2
12 16 3
17 20 2
0 3 2
10 13 4
18 22 3
22 1 4
22 1 1
23 3 1
3 5 3
16 18 3
22 1 1
11 12 4
3 6 3
14 18 4
12 16 3
23 3 2
5 6 4
3 7 4
16 19 2
23 3 1
17 20 1
23 2 1
20 0 3
10 13 3
2 6 3
18 21 1
18 20 1
9 12 4
1 5 1
18 21 3
12 15 1
23 2 4
1 5 3
5 6 3
14 18 4
23 3 2
22 0 4
18 21 3
8 11 4
5 9 4
22 1 1
16 20 2
14 16 4
17 20 3
18 22 1
7 9 3
15 16 4
23 3 1
13 17 1
16 19 1
8 11 1
12 16 1
19 22 2
12 16 2
9 12 3
4 7 3
5 9 1
7 10 2
0 2 2
21 23 2
20 22 3
11 16 3
21 1 1
8 10 2
12 14 1
22 1 2
10 13 2
13 16 3
5 7 3
12 14 3
13 16 1
9 13 4
5 8 1
5 7 4
21 1 4
23 2 4
2 4 2
11 14 3
18 20 2
19 23 1
13 14 4
18 22 4
3 7 2
7 11 4
14 18 4
5 8 4
17 19 3
15 17 3
4 8 1
22 22 1
19 22 1
13 17 4
10 13 2
11 14 1
2 5 2
5 7 3
11 12 1
15 16 4
19 22 2
14 16 4
8 10 4
9 10 2
7 10 4
17 19 2
15 17 2
15 19 1
23 3 4
18 21 4
4 6 4
18 22 4
7 11 2
8 10 2
4 8 1
10 13 3
9 12 4
0 3 1
10 12 3
4 6 1
11 14 3
10 14 3
8 12 1
3 6 4
1 5 1
4 6 3
4 8 1
8 11 3
1 5 2
11 14 4
15 18 1
12 16 3
22 1 1
17 19 2
0 2 4
13 15 1
21 23 3
0 4 1
16 19 3
21 23 3
19 22 2
7 10 2
7 10 1
15 18 4
8 12 3
18 21 1
14 16 2
21 1 3
21 3 2
22 22 4
11 16 2
0 4 4
5 9 4
10 13 4
8 11 4
10 13 3
14 16 3
5 8 4
20 23 3
8 11 1
2 6 3
2 3 3
0 4 3
5 7 4
6 10 3
2 4 4
22 1 3
16 20 4
6 10 1
20 23 2
3 6 3
17 20 1
5 7 4
8 10 2
4 7 1
2 5 4
4 9 1
5 9 4
16 20 1
10 13 3
6 9 3
14 17 2
23 1 2
1 6 3
23 2 4
6 8 1
3 6 3
13 17 1
10 14 4
4 6 4
2 5 1
0 2 3
23 5 3
9 12 4
2 6 4
4 7 2
7 13 3
16 20 2
19 22 3
14 18 4
16 19 3
23 3 1
18 21 2
3 7 1
22 23 2
14 16 3
14 18 1
19 1 3
11 13 4
23 0 4
22 0 1
22 1 4
5 7 1
17 19 1
21 22 1
6 10 3
9 11 2
7 10 3
7 11 4
15 18 2
4 6 3
11 13 2
0 5 1
4 7 3
14 16 2
14 17 1
21 0 2
1 6 4
17 20 3
18 21 2
1 4 2
10 13 4
6 9 1
10 14 1
18 21 4
10 14 2
2 4 1
11 14 1
15 18 2
0 4 4
18 20 4
19 21 2
5 8 4
1 4 2
13 16 3
15 19 2
11 14 3
1 5 4
7 10 2
0 4 2
13 16 2
16 19 4
23 23 2
5 9 1
10 13 3
11 15 2
19 22 2
20 23 4
18 22 1
6 10 1
17 21 3
5 7 1
20 0 3
2 6 1
20 0 3
16 20 2
21 23 4
9 12 2
14 17 1
13 18 1
11 15 3
4 7 3
16 19 3
4 8 1
12 14 1
0 4 3
9 11 1
8 10 4
8 10 3
7 9 1
15 16 3
3 5 4
13 15 1
7 11 4
6 7 3
17 19 4
22 23 1
13 17 1
21 1 2
0 2 4
0 3 4
17 21 2
16 17 1
11 14 2
12 16 2
0 3 4
6 10 4
6 9 2
1 4 4
8 12 3
10 12 3
3 5 4
19 23 3
8 11 4
22 0 2
16 19 3
19 21 3
9 11 4
8 10 1
8 12 2
4 8 4
2 7 3
18 20 1
4 7 3
14 18 3
7 9 4
13 17 3
13 17 1
11 12 2
4 7 3
9 12 1
5 8 2
6 9 3
3 6 3
22 0 3
2 4 2
9 14 1
16 19 1
5 9 3
1 3 3
15 19 2
16 19 1
12 16 4
10 13 2
4 7 4
4 6 4
7 9 2
19 23 1
12 14 4
6 8 1
0 3 4
13 17 3
9 11 2
7 11 4
9 10 4
5 7 4
4 7 1
21 2 2
8 11 3
14 17 1
0 4 3
14 15 2
22 0 4
11 14 1
7 11 3
20 23 4
1 4 2
15 19 4
6 12 4
22 3 2
22 1 4
13 15 2
12 15 2
23 4 4
21 23 3
16 19 3
2 6 2
14 16 3
11 13 1
18 22 2
10 12 4
9 14 2
3 7 4
20 21 2
0 4 4
19 22 2
6 8 2
18 21 4
22 3 3
22 2 1
18 21 3
0 2 3
1 5 1
21 23 1
21 23 3
0 2 3
8 11 1
7 11 4
3 8 2
12 15 1
18 22 2
16 19 3
5 7 4
14 18 4
16 18 2
11 14 4
12 16 2
7 10 4
23 0 3
22 1 3
14 17 4
4 6 4
12 13 1
20 23 2
23 3 4
2 6 1
18 20 2
11 14 1
1 4 2
8 11 2
14 16 3
3 6 3
15 19 4
15 18 4
3 7 4
6 8 4
16 20 3
13 17 3
1 3 1
0 1 1
21 23 2
10 12 4
6 9 3
11 13 2
1 4 1
9 13 4
6 9 3
13 16 2
5 9 3
19 22 1
5 7 1
3 6 2
12 15 1
12 15 2
16 19 4
5 7 2
18 20 3
22 1 4
14 17 3
4 8 2
13 15 3
14 15 2
21 1 4
6 10 2
0 3 2
21 0 4
18 21 4
23 3 3
8 10 3
17 21 4
17 21 1
19 21 1
12 15 1
1 5 2
6 10 3
16 19 1
22 2 3
9 12 4
1 3 2
23 3 2
23 2 4
16 18 2
12 16 3
20 0 3
12 15 4
18 22 4
19 20 2
0 4 2
16 19 1
12 16 2
5 8 1
14 16 4
5 8 4
18 23 4
14 19 3
7 8 3
10 12 3
17 19 4
11 15 1
22 0 3
23 3 2
3 7 3
16 19 4
8 12 4
10 13 1
3 6 4
1 3 1
12 15 3
20 22 1
17 22 4
15 18 2
6 9 3
2 5 4
6 7 2
9 11 1
19 22 2
17 20 1
19 21 3
7 10 2
10 12 4
3 4 2
14 19 3
20 22 4
1 3 3
1 6 3
4 6 4
14 17 3
8 10 1
17 21 1
16 19 3
3 7 2
7 8 4
1 4 3
10 12 4
5 9 2
1 4 3
0 3 4
21 0 3
5 10 4
5 7 1
14 17 4
4 7 1
1 4 1
8 12 3
23 3 3
22 1 1
12 14 4
20 23 2
14 18 4
0 3 4
14 17 1
5 8 2
8 10 2
17 20 1
22 0 2
18 21 3
13 18 1
22 2 2
23 2 1
12 15 2
13 16 2
19 22 2
13 18 4
2 6 4
4 7 1
16 18 4
23 3 4
19 21 3
11 13 1
23 2 1
15 17 2
20 23 4
11 14 2
1 4 3
13 15 2
5 6 3
20 1 4
4 8 3
21 23 3
6 10 1
23 4 3
17 19 1
6 9 3
2 4 3
3 6 4
22 1 3
10 13 3
21 1 4
19 21 1
10 12 4
11 13 1
9 12 3
3 6 1
23 1 1
2 4 3
17 21 2
21 1 2
2 6 4
1 5 4
16 20 2
10 13 2
13 17 3
19 22 2
15 17 3
20 23 4
1 3 2
11 14 3
6 10 4
10 13 1
13 16 3
23 1 3
17 19 1
17 21 1
18 19 1
2 6 4
4 7 3
15 17 1
9 11 2
17 20 3
12 17 4
1 5 1
13 16 2
18 21 3
13 15 3
21 23 4
11 16 4
19 22 2
22 0 3
1 3 4
11 14 4
23 3 3
20 1 3
2 5 1
13 15 1
5 9 3
6 10 2
19 23 1
1 3 4
17 19 3
14 17 1
15 17 1
14 19 4
17 20 4
20 0 4
1 4 1
23 3 2
1 3 3
3 8 4
10 14 2
17 20 2
17 21 2
6 9 4
12 14 2
0 3 4
22 1 2
14 16 3
11 13 4
13 15 4
5 8 3
11 15 4
19 20 3
23 1 3
4 9 4
12 16 1
13 16 1
0 3 3
3 7 4
16 19 3
15 17 1
0 2 3
20 23 4
10 14 3
4 7 3
1 4 1
19 22 1
12 16 1
1 3 3
4 9 1
13 19 3
18 22 3
21 1 1
22 2 2
8 11 1
3 7 3
9 12 3
3 7 4
8 11 2
15 18 3
11 15 3
18 20 4
21 22 3
4 5 3
15 17 3
16 18 1
18 22 3
9 12 2
18 20 2
21 23 4
13 15 4
19 22 3
0 3 2
23 2 1
8 10 1
17 20 3
3 7 2
12 17 1
22 2 2
21 23 2
7 9 2
16 19 2
8 10 1
18 20 2
18 19 1
7 9 3
8 10 4
20 22 4
14 17 4
5 8 4
6 8 2
0 3 2
21 0 2
22 3 1
23 3 2
3 6 4
2 6 4
13 17 3
16 17 3
12 16 2
3 5 1
18 22 1
3 5 4
0 4 4
15 17 3
0 4 1
8 10 1
12 15 2
16 19 2
8 12 3
13 17 1
3 5 4
12 17 4
19 22 1
6 8 1
3 6 4
16 18 3
13 17 3
7 11 3
23 3 4
23 3 3
16 19 3
15 18 2
20 1 1
6 8 1
8 12 3
20 23 3
10 13 4
10 13 1
13 17 2
16 20 2
20 0 4
19 23 3
13 17 2
23 2 1
23 2 1
12 16 2
18 21 4
18 20 2
8 12 3
23 3 3
20 23 1
6 11 4
7 9 3
22 2 4
0 3 3
22 2 1
16 19 1
16 19 3
0 3 3
21 1 3
17 20 4
2 4 1
0 3 4
10 13 2
8 11 2
14 16 1
4 9 3
23 3 3
10 11 2
17 21 3
22 3 3
4 7 4
3 7 3
13 15 1
17 20 4
3 5 1
5 8 1
17 20 3
16 20 3
7 11 3
0 4 1
13 16 3
2 5 2
7 10 4
21 23 1
0 3 4
13 16 1
6 8 2
4 7 2
18 22 1
20 0 2
18 20 3
11 13 4
4 8 1
19 23 1
10 14 2
20 23 4
10 14 2
15 18 1
7 10 2
10 13 3
3 4 1
3 6 1
2 5 1
10 13 4
5 9 2
17 21 3
16 19 1
3 5 1
5 9 3
15 18 2
6 10 4
15 18 3
5 6 4
18 22 2
13 16 3
10 14 2
0 5 2
17 19 4
0 5 2
23 3 1
3 7 2
21 0 1
22 2 4
1 5 3
11 16 3
15 17 4
11 14 1
0 2 1
4 6 3
19 21 1
8 11 4
13 16 1
1 4 2
20 0 3
17 21 1
16 17 4
15 17 1
23 0 3
14 18 1
20 23 4
16 20 4
13 16 2
19 22 2
16 18 1
0 4 3
19 23 3
8 10 1
3 6 3
8 13 3
10 13 1
15 17 3
4 9 1
17 21 1
13 14 1
21 0 3
12 15 4
8 11 4
2 5 3
5 9 1
9 11 1
9 12 2
22 2 2
8 11 4
17 21 2
10 13 1
6 9 4
14 20 4
18 21 4
2 6 3
7 10 4
12 16 4
10 14 3
18 20 2
9 12 1
22 2 2
23 0 4
3 5 2
12 14 1
19 22 4
16 19 1
1 4 1
17 17 2
1 4 3
19 22 2
7 9 4
4 7 4
1 4 4
0 4 3
1 2 2
11 13 4
10 14 3
21 23 2
1 4 1
13 17 4
14 17 3
12 15 1
6 8 2
4 6 3
15 18 1
3 6 2
16 17 1
6 8 1
8 10 3
14 16 1
4 7 1
0 3 1
22 1 3
1 4 3
22 1 3
5 8 2
2 6 2
3 7 4
8 11 4
13 18 4
14 15 2
12 13 2
9 12 1
19 0 2
21 23 2
7 10 3
15 18 1
6 10 4
16 19 4
3 8 2
19 21 1
4 8 3
6 9 2
22 3 4
23 1 2
9 10 2
7 11 1
7 8 4
0 4 2
5 8 3
14 18 1
12 15 4
10 13 3
18 22 3
10 13 4
19 21 1
20 0 1
16 20 4
14 17 1
2 4 2
6 8 2
13 16 1
5 7 2
23 3 1
1 2 2
9 11 1
6 9 4
13 14 4
17 20 1
22 1 1
6 10 3
20 21 1
10 12 1
8 10 2
13 15 3
3 6 3
4 7 4
1 4 2
13 14 1
2 7 2
15 18 4
6 8 4
4 7 1
19 21 3
10 14 3
11 13 3
22 0 2
11 14 2
2 6 4
19 21 3
15 19 2
5 7 2
8 11 4
9 14 4
15 17 1
4 7 2
5 9 1
11 15 4
18 22 2
10 13 4
5 8 1
7 9 2
12 15 4
5 8 4
19 23 1
7 11 4
22 23 1
23 2 1
8 12 2
18 22 1
13 15 1
8 12 2
23 2 1
13 17 3
7 10 2
19 22 2
2 5 2
4 7 3
5 7 3
18 21 2
19 22 3
3 6 4
18 21 1
8 13 4
4 7 3
12 16 1
14 17 2
19 23 3
23 1 4
0 3 1
7 11 2
1 6 3
18 22 1
1 4 4
18 23 4
21 1 4
11 14 3
13 17 1
19 23 1
22 0 2
1 5 4
11 15 1
21 23 4
14 18 4
10 13 3
13 16 2
13 16 1
21 0 4
1 5 1
4 8 2
19 22 4
0 3 2
18 20 2
8 10 1
18 21 1
14 17 2
10 13 4
9 11 2
10 13 4
17 18 1
10 13 2
4 8 4
3 7 3
6 10 1
14 17 3
17 19 3
8 11 4
9 12 3
0 4 4
18 23 4
17 19 1
16 19 2
7 11 1
11 13 1
19 21 2
12 15 2
9 12 1
16 20 2
19 22 3
4 7 2
9 13 2
6 10 3
0 3 3
18 19 1
6 8 4
3 7 4
19 22 4
2 4 4
9 11 2
15 19 2
6 9 2
11 14 2
10 13 4
17 19 3
5 7 3
7 8 1
11 15 2
15 19 2
2 4 2
23 2 2
3 6 2
6 10 2
14 16 4
12 15 2
0 2 4
0 2 3
9 13 1
2 7 3
18 23 4
14 17 4
18 22 1
23 3 4
16 17 3
15 18 4
3 7 1
22 23 4
6 8 3
23 2 2
18 21 2
17 20 2
8 10 2
8 11 4
11 13 4
15 18 3
16 18 3
18 21 3
11 14 2
4 8 3
8 10 1
12 15 4
22 2 4
7 12 2
13 15 2
19 0 2
21 1 4
4 6 2
15 18 3
6 9 3
2 4 3
22 1 1
2 4 3
9 12 3
18 21 4
5 7 1
14 17 4
3 7 4
14 15 2
2 5 4
2 6 3
17 20 3
1 4 1
21 23 2
5 7 4
23 2 2
16 17 3
1 4 2
2 6 3
17 20 4
16 20 1
3 7 3
14 18 4
9 13 3
1 4 3
13 17 3
4 7 1
8 13 4
1 3 3
18 21 3
8 11 2
1 3 2
16 18 3
20 1 4
22 0 3
22 1 3
14 16 4
7 10 1
23 2 4
11 14 3
12 14 3
6 10 2
4 7 3
14 19 4
20 22 1
8 10 1
7 11 1
4 8 1
19 22 2
19 23 2
9 11 1
4 6 4
22 2 3
11 13 2
12 15 4
6 8 2
20 22 1
16 18 2
22 0 2
14 18 4
2 3 3
6 12 2
11 15 4
19 21 4
19 22 4
4 6 3
7 10 1
6 10 3
6 8 2
6 7 1
12 15 2
4 7 3
9 11 3
18 21 1
14 16 2
14 18 1
0 2 1
15 17 3
2 4 1
19 21 3
20 1 4
22 2 1
8 13 3
12 14 2
11 14 2
16 19 3
2 4 1
11 12 2
11 14 1
1 5 3
14 17 1
0 3 3
16 18 2
12 16 3
11 14 4
9 12 1
0 4 2
9 14 3
13 15 2
8 12 1
7 10 2
5 8 1
20 0 3
21 0 4
20 22 1
11 14 4
10 13 2
4 7 4
0 1 3
17 18 3
16 19 2
19 23 4
13 17 3
9 11 1
17 22 3
22 23 1
18 20 4
13 17 3
22 1 1
5 8 3
12 16 3
13 16 3
14 17 4
22 2 1
21 0 2
13 16 2
0 4 4
17 19 1
11 14 2
19 21 2
13 18 1
4 6 1
10 13 4
10 11 4
2 4 4
14 17 3
0 2 4
14 16 3
21 0 2
11 15 1
12 15 4
13 15 2
12 14 2
1 4 1
8 10 2
6 9 1
20 22 1
22 1 4
2 4 3
22 1 1
16 18 4
20 23 2
1 4 1
20 23 3
2 7 4
22 2 3
5 7 3
12 18 4
8 10 2
19 22 4
0 2 1
16 20 3
13 17 2
2 6 4
21 0 2
4 7 3
0 3 1
11 15 4
0 2 3
20 0 1
23 3 4
22 2 4
13 17 2
12 15 1
15 19 3
7 9 3
18 21 1
3 7 3
21 23 3
13 17 1
12 14 4
17 21 3
6 10 4
11 14 3
19 22 3
16 20 2
6 7 3
22 23 3
0 3 1
1 4 2
0 2 2
11 15 4
10 13 1
20 0 3
17 20 2
19 22 3
9 11 1
1 2 1
23 4 3
2 4 4
14 16 2
6 7 3
2 6 2
7 10 3
10 13 1
9 12 1
17 19 4
2 4 1
8 11 4
12 14 1
10 11 1
1 4 3
3 5 2
9 13 3
2 3 1
19 0 4
5 10 1
15 18 3
20 1 4
6 9 1
2 5 1
5 8 2
12 15 2
21 23 4
18 21 4
21 23 2
21 0 4
23 2 4
0 4 1
1 4 3
3 6 2
3 5 2
0 4 3
2 5 4
4 6 1
15 18 2
10 13 3
2 7 4
0 4 4
15 19 4
4 8 2
19 23 3
3 5 2
16 18 3
12 15 4
14 16 4
18 20 4
20 0 4
1 4 1
23 2 2
14 18 4
6 9 1
5 9 2
21 1 1
15 17 3
15 18 4
8 12 3
1 5 1
3 8 1
16 19 2
12 15 2
14 17 3
9 12 4
17 19 3
13 16 4
22 1 4
17 20 1
22 0 1
21 0 1
18 22 2
0 5 4
21 0 2
2 6 3
9 12 2
2 5 2
4 9 4
13 14 2
11 16 4
0 4 2
9 12 3
11 14 3
13 16 2
5 7 1
10 14 1
8 9 4
13 15 4
22 2 2
5 8 3
7 9 2
0 2 2
22 2 1
10 12 3
22 2 4
15 18 1
9 12 4
5 7 1
20 21 4
0 3 1
7 9 2
0 4 1
13 17 3
9 11 3
21 23 3
13 17 2
2 4 1
18 21 1
4 8 1
12 15 1
11 15 2
1 4 4
6 9 3
8 11 1
17 20 4
9 14 4
4 8 4
14 17 4
13 16 2
6 9 3
11 14 2
10 13 4
7 10 4
4 6 4
2 5 4
13 14 2
14 17 4
21 1 3
18 22 3
3 6 3
18 20 3
4 8 1
0 4 2
1 4 2
21 1 4
5 7 3
15 20 2
1 3 2
2 4 3
8 11 1
20 22 4
21 23 3
15 19 1
7 11 2
12 13 4
10 12 1
21 1 1
23 0 4
10 13 2
4 7 2
19 0 4
3 6 3
3 5 1
22 2 3
9 11 2
14 16 3
12 16 4
9 11 2
2 5 4
10 14 2
21 23 1
3 5 1
22 1 1
18 21 3
21 3 3
15 18 4
0 3 2
14 17 2
0 2 3
18 20 4
14 16 4
5 8 1
22 1 1
10 15 2
9 11 2
13 17 3
21 1 4
21 22 4
4 7 1
10 13 4
22 1 1
6 7 4
9 11 1
4 6 2
7 11 1
9 14 3
17 19 4
14 17 1
10 13 1
23 1 1
13 15 4
5 10 3
9 11 3
6 9 2
19 21 1
