200 4
15 18 17 19 
10 12 1
11 12 4
23 3 1
3 5 2
9 12 4
2 4 3
12 14 1
18 22 3
5 9 2
5 9 2
17 20 4
12 15 3
2 6 2
2 7 2
8 10 1
10 14 3
17 20 3
5 7 3
14 18 2
12 14 2
17 21 4
11 13 2
11 13 2
18 20 3
12 16 4
0 3 3
19 23 4
1 6 4
3 6 1
17 21 3
1 3 2
14 18 3
5 9 2
0 2 1
13 17 3
22 3 3
1 5 4
2 5 3
11 15 3
11 14 1
20 0 4
15 18 2
12 15 1
22 22 4
4 8 3
7 9 4
1 3 2
1 4 1
0 3 1
6 9 2
2 6 1
23 2 1
6 10 1
14 18 3
22 2 3
1 3 3
19 21 2
3 5 4
13 17 3
10 13 1
23 0 3
4 6 1
14 18 4
4 8 1
0 4 3
19 23 1
4 6 3
2 5 3
16 18 4
2 5 1
6 8 4
19 23 2
6 9 4
17 20 2
14 18 3
6 8 2
18 20 3
14 18 3
10 12 1
10 12 2
20 0 3
5 8 2
13 15 1
9 12 3
3 6 4
23 4 1
11 15 3
5 9 1
13 15 4
6 8 4
10 13 1
8 13 1
2 5 3
21 1 1
15 19 2
9 12 4
23 2 1
18 21 1
6 8 1
2 6 1
13 17 4
10 13 1
20 23 3
1 3 4
23 3 1
19 23 4
1 4 2
11 13 1
1 4 2
12 15 1
11 15 2
13 15 4
18 22 4
16 20 2
17 20 3
2 7 4
4 5 2
1 4 1
21 0 1
0 4 3
2 7 2
8 10 2
6 9 1
6 9 4
13 16 4
7 11 3
0 2 2
6 9 2
2 6 1
13 15 2
9 12 3
1 3 3
16 19 3
4 6 1
3 6 4
14 18 1
11 14 4
8 10 2
19 23 2
14 16 1
1 4 3
18 22 3
18 20 3
8 10 4
11 13 2
18 22 4
10 13 1
21 23 2
6 8 2
23 4 3
9 12 4
8 13 4
3 6 3
17 19 2
0 4 1
15 20 2
8 12 2
20 0 3
23 2 4
3 6 4
18 21 2
0 3 2
18 22 2
2 5 3
23 2 4
12 14 4
11 13 2
2 6 3
18 19 3
20 23 3
2 5 2
23 2 3
7 9 1
22 0 4
3 6 3
20 23 4
1 5 2
23 2 3
7 10 3
22 0 3
17 21 2
8 12 2
0 3 1
11 14 3
5 7 2
22 1 4
12 15 2
1 4 3
2 4 4
23 3 4
15 17 2
1 3 2
2 5 4
16 19 3
13 16 3
20 22 4
2 4 1
18 22 3
19 22 2
9 12 1
