300 5
8 23 3 19 16 
17 21 2
5 6 2
7 10 2
17 20 5
16 18 1
23 1 2
4 5 3
6 10 1
22 1 4
9 12 5
12 15 2
9 12 1
20 23 5
5 8 5
7 10 2
11 14 4
22 1 4
8 11 3
0 4 2
1 6 5
9 12 1
17 19 1
23 2 2
19 0 5
7 10 1
3 6 1
8 11 2
21 1 5
0 3 3
0 3 2
9 12 1
20 22 4
14 18 1
9 12 3
22 2 4
7 11 5
11 14 3
7 9 1
2 5 2
15 19 4
6 9 4
21 0 4
15 18 2
15 17 2
10 13 5
15 18 2
17 21 2
3 6 4
13 16 4
10 14 3
18 20 5
17 18 3
23 1 5
13 17 1
5 8 4
16 18 1
8 12 5
22 23 5
5 6 4
23 3 1
1 3 3
1 5 1
6 10 5
7 11 2
20 23 3
7 9 4
2 5 5
7 10 3
13 17 5
17 19 5
8 11 4
8 10 3
14 18 4
3 6 5
2 2 5
8 11 1
21 0 1
4 7 5
13 16 5
9 11 2
0 3 1
11 11 4
2 5 2
17 19 2
11 14 1
5 7 4
16 19 3
8 11 5
2 6 2
11 16 4
8 12 4
9 10 3
20 23 3
10 13 2
19 22 1
22 1 2
22 2 1
10 13 2
21 1 1
3 5 5
6 8 3
18 21 5
1 5 5
20 22 4
1 4 4
6 7 5
21 23 5
17 20 3
2 4 4
11 13 5
14 17 1
4 7 5
19 22 5
11 14 2
22 1 1
19 23 4
17 20 5
4 5 3
23 1 5
21 0 3
2 5 1
12 15 3
12 12 5
6 8 3
21 23 2
21 2 3
17 21 4
21 0 2
4 7 4
14 17 1
7 11 1
16 19 2
13 16 4
2 5 1
2 4 2
2 5 5
13 17 1
16 20 5
10 13 4
14 17 3
0 2 1
14 16 3
16 19 1
4 7 3
21 1 3
17 21 2
10 12 4
11 12 4
11 13 3
7 11 2
16 19 1
11 16 2
3 6 1
9 12 5
23 3 4
4 8 1
18 23 4
13 15 1
20 22 4
9 13 1
3 7 5
1 2 2
0 4 1
7 10 3
16 18 3
13 17 1
21 0 1
11 13 3
13 16 3
21 0 2
11 16 3
3 5 1
12 17 3
1 4 3
5 7 2
12 14 4
2 6 5
14 17 4
7 12 4
5 7 1
2 6 3
15 18 3
8 14 1
19 23 2
10 13 3
13 16 4
4 7 4
19 22 5
17 21 1
13 16 1
8 10 5
12 15 3
1 4 5
22 2 1
19 22 4
18 21 2
23 3 5
6 9 4
21 23 2
17 21 2
1 4 5
22 1 2
1 3 4
19 21 5
0 2 3
20 21 3
18 21 1
9 12 4
12 16 2
23 1 1
22 23 3
11 14 2
21 23 5
1 4 1
2 4 4
4 9 5
3 9 1
23 1 3
9 12 4
1 2 3
7 8 4
19 1 4
18 20 2
13 17 2
4 5 2
22 1 2
20 23 4
0 4 1
23 2 5
13 15 2
18 19 1
10 13 4
18 22 4
12 15 4
22 1 4
19 21 2
21 0 1
22 1 3
0 3 3
1 4 1
8 11 3
5 7 5
16 20 5
11 13 1
9 11 5
7 9 3
14 17 3
2 5 3
14 16 1
13 16 5
14 17 1
1 4 5
23 1 2
8 13 4
4 7 4
12 16 1
16 19 3
14 18 5
6 8 5
13 16 1
23 2 4
2 6 2
22 1 5
12 16 2
18 21 3
1 5 4
11 12 3
15 18 5
20 23 4
4 8 1
3 6 4
15 17 4
21 0 4
19 23 2
19 23 4
15 17 5
17 20 5
18 20 2
18 22 4
6 9 2
4 6 2
7 9 1
14 18 5
9 10 4
4 9 1
1 4 5
21 22 4
7 9 3
16 19 1
5 7 1
17 18 1
6 9 3
17 20 3
16 20 1
19 20 2
1 3 5
5 9 4
12 15 4
18 22 4
23 3 1
