300 6
6 2 12 8 4 10 
4 9 5
6 10 2
23 4 3
10 14 5
1 4 5
12 14 5
20 23 5
2 6 1
11 14 1
20 0 2
22 1 4
14 17 4
22 2 2
23 3 5
9 9 5
21 0 4
3 6 6
13 18 6
2 5 1
23 1 1
2 8 3
0 3 5
6 10 4
0 3 4
14 16 1
1 5 6
21 0 2
18 20 5
13 16 4
8 11 2
1 4 5
15 17 1
21 23 5
21 0 6
6 10 6
13 17 2
6 10 2
16 20 5
8 12 1
19 22 5
23 0 6
21 0 3
15 16 5
10 13 6
20 0 1
18 20 1
0 2 3
19 21 2
9 12 2
19 22 2
3 7 2
9 11 2
11 17 6
0 1 3
1 6 1
3 6 5
23 1 6
21 2 2
12 15 3
21 1 6
16 19 6
16 20 4
16 18 2
14 17 2
9 11 6
13 17 6
23 2 4
7 11 1
10 14 1
11 15 5
9 10 6
16 19 1
2 5 5
19 21 5
14 17 3
23 3 5
6 8 2
5 8 5
6 7 3
12 14 1
12 15 2
7 9 5
6 8 5
11 12 3
17 20 5
10 14 6
17 20 2
17 18 3
11 16 3
0 3 5
7 10 3
6 9 1
12 15 4
16 19 6
19 22 3
23 1 3
18 22 4
0 4 4
21 2 1
16 18 5
14 17 3
15 19 1
10 14 2
6 10 2
21 0 6
5 7 2
9 12 5
15 17 1
3 4 1
16 21 3
9 12 4
0 4 4
9 12 3
15 18 6
6 9 3
9 11 5
21 23 1
22 2 1
15 16 5
2 5 2
21 21 4
10 12 2
21 1 4
1 5 4
3 6 6
15 18 5
7 12 3
2 5 3
5 8 1
17 18 5
10 13 5
16 20 6
4 7 1
8 11 2
8 8 3
12 13 1
22 0 2
8 10 1
20 0 2
20 22 2
1 3 3
12 15 3
18 22 2
12 16 3
12 15 2
9 11 1
15 17 6
11 14 6
18 19 2
4 7 5
21 0 3
10 12 6
5 8 5
0 2 5
5 9 6
5 8 6
4 8 6
15 18 2
21 2 5
8 11 1
14 15 2
11 14 5
14 17 3
22 0 5
22 23 5
17 21 5
11 13 3
14 16 1
4 7 4
15 19 4
23 2 4
16 19 6
2 5 1
16 18 3
0 3 2
14 18 6
16 19 3
19 22 2
22 0 1
3 6 6
22 2 1
22 1 5
11 14 4
0 2 5
12 16 2
7 9 1
4 6 3
12 16 4
8 10 5
5 8 2
3 6 3
0 3 3
14 15 3
17 21 5
7 11 2
10 14 2
3 4 4
2 4 6
22 1 5
17 21 5
8 11 6
12 15 4
12 15 1
9 12 6
9 11 2
22 0 2
19 21 3
9 11 6
4 8 1
6 9 5
0 4 4
18 22 3
15 18 6
0 4 4
6 10 6
6 9 1
4 7 6
6 9 6
22 0 5
4 7 3
11 13 1
14 19 5
12 15 6
19 21 4
4 8 2
9 11 1
6 11 1
4 6 3
11 14 3
15 20 3
12 15 5
2 4 3
10 13 1
23 2 3
9 12 5
10 15 2
7 11 3
16 21 1
2 4 2
15 17 1
0 3 1
2 6 3
13 16 1
4 6 5
5 8 5
18 22 1
12 13 5
22 2 3
21 23 3
16 20 6
0 3 6
0 3 2
14 20 4
4 7 1
5 7 4
12 14 6
16 20 1
4 6 6
19 22 5
1 4 1
12 13 1
20 1 2
13 17 6
9 10 4
4 6 2
11 16 6
21 2 3
5 8 5
23 0 5
6 9 6
13 15 5
14 16 3
1 4 3
2 5 3
16 18 1
6 11 4
22 1 5
10 13 2
3 7 3
17 18 4
12 15 6
9 12 2
5 7 5
22 2 3
9 11 5
11 12 3
15 18 5
12 15 1
23 2 3
10 12 2
16 19 6
22 0 5
22 0 4
3 6 1
18 21 5
15 16 6
12 14 5
7 9 4
13 17 3
5 8 1
