300 4
15 15 5 5 
13 14 4
1 3 2
14 16 3
18 20 2
20 23 2
3 6 4
22 2 2
15 20 4
9 13 4
2 5 2
14 16 2
7 10 1
2 4 1
6 11 3
19 22 1
2 7 3
12 15 1
3 6 4
4 8 4
17 18 4
1 4 3
16 21 3
2 7 4
9 13 4
17 20 2
7 9 2
9 11 2
11 13 2
5 11 1
9 10 3
1 3 4
20 23 1
12 16 1
2 5 1
20 22 1
19 0 2
23 4 4
23 1 2
3 5 1
4 7 2
2 6 1
21 0 1
4 6 2
22 1 3
5 8 3
15 18 4
1 6 4
19 23 1
1 3 2
16 20 4
19 23 3
1 2 3
22 2 4
3 6 3
14 17 4
7 10 3
14 17 4
7 9 3
21 23 4
10 14 1
7 9 3
3 6 4
0 2 3
16 18 1
23 1 2
2 3 3
9 14 3
17 20 1
14 17 4
20 0 2
10 11 2
13 16 2
13 16 2
13 15 4
18 22 1
3 7 3
1 5 1
13 17 4
13 16 3
0 3 2
3 7 2
10 13 3
6 8 1
3 7 4
14 16 1
20 23 3
0 4 2
9 13 3
5 8 4
7 9 2
19 21 1
21 0 4
16 19 4
22 2 1
4 6 1
12 15 1
2 5 1
5 10 1
21 1 4
3 5 2
20 0 3
6 9 2
13 16 2
3 5 4
11 16 4
19 0 4
12 16 3
13 15 4
12 16 2
8 11 2
13 17 1
17 21 2
1 4 2
1 2 2
18 20 4
1 5 4
5 7 1
17 19 3
8 12 2
21 23 2
16 20 1
1 4 2
15 17 4
7 10 3
11 13 2
14 16 4
13 17 2
20 21 3
17 20 3
0 3 3
19 23 2
11 14 1
6 11 1
13 16 2
10 14 4
20 0 3
10 12 1
18 20 4
8 12 1
14 18 4
18 22 4
13 15 3
11 14 3
2 5 3
6 10 1
8 10 4
3 6 4
10 12 4
19 23 4
13 16 1
9 11 2
20 23 1
8 11 3
16 19 1
11 14 1
1 5 3
14 16 4
1 5 1
20 22 4
9 11 1
5 9 3
3 5 2
3 7 2
17 21 2
8 12 2
6 9 3
21 0 3
7 11 2
17 20 2
17 20 1
15 17 4
17 21 3
0 3 1
18 21 1
13 16 3
13 16 1
2 6 2
19 21 1
20 23 1
1 3 3
14 15 4
13 17 4
5 7 4
22 2 3
7 10 4
7 9 3
7 9 2
15 19 1
12 16 1
17 20 4
10 12 3
18 22 3
19 20 2
2 4 4
8 11 3
8 12 4
12 14 2
12 16 2
23 2 3
19 21 3
10 13 1
23 3 4
16 20 4
16 18 4
9 11 2
13 17 4
4 6 3
13 16 3
0 1 4
22 2 4
3 7 3
14 17 2
13 14 2
12 15 1
16 18 3
14 16 4
9 11 3
9 10 2
21 23 1
4 7 3
23 3 2
0 4 1
11 14 1
23 4 2
7 9 2
15 16 3
4 6 4
4 8 1
1 4 1
11 14 3
10 12 4
19 23 3
14 18 4
7 11 3
14 17 1
1 3 1
8 11 2
9 12 2
20 22 2
3 5 4
10 14 2
9 12 4
22 1 3
15 19 4
16 20 2
15 18 4
2 6 1
19 23 4
17 20 3
23 0 4
12 14 4
20 23 3
17 19 1
6 10 3
5 7 3
4 6 1
10 15 4
23 1 4
17 21 4
14 18 4
20 23 4
16 21 3
1 6 3
21 0 2
22 0 2
10 12 2
19 21 4
11 16 1
2 5 1
8 10 4
11 13 2
6 7 2
4 8 3
0 5 1
23 2 4
13 14 3
21 23 3
4 6 3
7 10 1
13 16 1
9 12 2
18 23 1
15 18 4
16 20 3
5 8 1
22 23 4
11 15 1
19 21 2
12 15 1
17 21 4
16 21 3
16 19 2
21 23 1
6 8 3
16 20 1
12 14 3
3 7 4
5 8 2
11 15 4
18 22 1
