400 6
22 10 16 20 7 22 
10 12 1
12 15 5
2 4 2
12 16 6
11 14 6
21 0 6
23 6 1
0 3 3
16 20 1
11 15 6
10 13 4
15 20 3
4 7 3
14 18 3
1 4 3
21 0 4
14 17 1
2 4 1
22 0 5
22 1 6
19 0 4
8 11 2
15 17 3
11 15 5
9 13 5
1 5 2
1 5 1
0 2 3
6 8 2
3 7 3
12 16 6
6 7 2
12 15 2
18 23 3
0 4 4
22 0 4
9 12 2
3 6 6
21 1 1
22 1 4
12 15 3
18 22 5
9 13 1
0 3 4
7 9 5
0 3 5
23 2 6
13 16 2
11 15 2
17 20 6
11 14 5
5 8 1
4 7 1
5 7 2
15 18 2
16 20 1
17 20 5
12 14 4
22 2 1
5 10 2
11 14 5
10 11 6
9 14 4
13 17 4
0 2 1
11 14 3
1 4 2
20 0 3
3 6 3
2 5 4
15 20 3
23 2 3
18 20 2
1 6 6
7 9 4
22 3 1
7 11 3
9 13 3
5 8 5
0 3 6
6 9 6
7 10 6
17 20 5
13 16 4
10 13 5
23 3 2
1 4 6
18 22 3
13 16 4
5 9 4
9 14 3
19 22 6
1 4 3
15 17 5
20 0 6
17 20 4
22 1 3
2 5 6
13 15 4
8 11 3
9 11 2
8 11 5
13 17 4
9 10 3
15 16 5
6 10 3
4 5 5
19 21 2
2 3 2
16 19 3
7 10 1
20 23 5
9 12 5
3 7 2
8 12 2
15 18 2
17 19 1
21 0 1
10 11 1
4 7 5
13 16 3
7 11 1
2 6 3
19 21 2
5 8 3
20 22 6
23 1 4
17 21 5
23 2 1
11 14 5
22 3 6
20 0 3
15 17 6
19 22 4
21 23 6
7 10 4
8 11 3
23 2 3
3 5 3
23 2 1
8 11 3
13 16 4
10 13 2
7 9 3
3 5 6
18 20 3
10 10 1
18 23 5
14 15 4
4 5 2
17 19 5
20 22 5
15 18 4
9 13 3
8 9 4
17 18 1
22 2 5
19 22 1
5 8 4
9 12 2
20 22 5
6 10 3
22 1 2
1 5 4
0 2 5
1 4 6
16 19 3
15 20 2
7 11 1
14 17 4
1 3 4
18 21 2
6 9 5
5 7 6
14 19 4
8 12 6
19 23 3
18 22 2
4 7 2
23 1 5
10 15 4
1 4 2
8 9 4
18 22 1
21 0 6
6 8 4
5 8 5
19 22 2
12 16 2
9 12 5
13 17 1
9 12 2
19 21 5
13 17 1
11 13 5
0 3 5
19 22 2
16 19 4
3 6 3
8 11 5
1 4 1
12 16 4
12 15 4
7 9 5
0 3 5
6 9 4
11 13 4
23 2 4
18 22 1
4 7 2
21 23 5
21 23 4
21 0 3
21 2 2
15 19 6
17 21 6
9 13 6
2 4 4
1 5 6
11 13 3
1 5 6
10 13 5
12 15 2
13 15 3
1 4 1
8 11 5
0 3 1
17 20 5
3 3 3
3 6 4
10 14 4
6 7 5
4 6 6
1 4 1
1 3 5
16 19 6
6 9 2
0 4 1
1 4 5
15 18 5
13 16 1
17 20 6
10 13 4
21 3 2
3 6 5
16 19 5
16 18 3
6 9 1
17 20 4
12 15 3
16 19 5
12 16 6
4 8 3
16 19 6
9 11 5
12 15 6
2 5 6
14 17 1
23 2 4
6 10 4
19 23 6
6 8 3
17 20 2
13 16 5
18 20 5
22 0 1
3 6 2
23 3 3
14 17 3
15 17 3
21 1 4
15 19 4
1 4 3
8 11 4
13 17 6
16 19 3
0 5 6
19 21 6
19 23 6
1 5 5
20 1 5
14 16 5
8 11 3
10 13 5
8 9 5
14 14 6
11 14 1
23 2 1
23 5 5
19 23 1
4 7 5
3 4 3
2 4 2
21 22 4
12 14 5
5 9 4
12 15 3
9 12 4
4 6 3
10 12 1
17 19 1
23 4 5
19 22 5
13 15 5
8 12 1
1 5 3
5 8 4
21 0 5
13 14 1
18 19 2
17 20 2
0 4 5
4 6 5
19 22 1
16 19 6
8 12 2
8 12 6
17 20 6
21 0 4
2 6 3
12 16 4
21 0 2
15 19 1
19 22 1
2 5 2
8 13 6
12 16 3
15 18 2
16 19 1
13 17 5
10 11 3
17 20 4
2 5 5
5 7 1
5 6 4
1 3 2
15 18 6
16 17 4
1 5 5
5 9 3
5 7 5
18 21 1
12 16 1
15 18 3
10 14 6
16 18 4
4 7 3
12 17 1
21 0 1
5 8 5
13 16 4
16 20 6
20 0 6
18 21 2
8 11 1
9 12 2
11 13 1
9 11 4
17 20 1
4 7 2
17 20 2
21 0 5
10 15 3
19 23 3
20 23 4
17 20 3
22 2 1
10 13 4
13 15 3
8 10 3
22 0 1
5 6 3
2 5 1
23 2 1
16 19 4
7 10 1
16 18 6
7 9 2
10 12 4
19 22 6
1 5 1
8 12 6
1 5 2
1 3 4
17 20 3
2 4 5
4 7 3
14 17 2
1 4 1
13 16 5
7 10 5
10 15 1
15 18 5
22 23 5
17 19 1
6 9 5
11 13 3
4 5 5
19 21 4
21 23 2
