400 5
1 17 5 15 21 
23 2 1
10 13 2
0 4 2
7 11 2
9 12 3
23 3 2
14 16 1
11 15 2
11 13 5
4 7 2
5 7 3
0 2 5
0 3 1
0 4 3
15 18 5
8 10 2
21 0 1
20 22 2
23 2 4
14 17 1
19 22 3
4 7 1
10 12 2
1 5 3
9 12 2
10 14 3
8 9 5
6 9 5
23 2 4
7 11 1
20 0 3
6 9 2
11 13 1
6 10 5
19 23 4
5 7 2
0 2 5
12 14 4
11 13 3
15 17 2
21 22 4
13 17 5
14 18 3
2 8 3
23 2 3
10 14 4
8 10 5
22 1 3
6 9 2
2 6 3
5 8 5
1 5 4
12 15 5
1 6 1
11 13 5
6 9 5
10 11 5
18 20 1
2 7 4
7 9 3
13 15 5
2 5 5
15 18 2
10 15 2
18 20 4
20 22 2
22 22 4
0 1 2
14 18 3
8 10 1
6 10 3
21 23 2
14 18 4
8 11 1
3 6 1
23 1 5
8 12 2
5 9 3
20 0 2
19 22 4
5 9 4
15 17 3
12 17 4
1 5 4
17 19 3
1 5 1
5 9 4
13 17 5
10 12 1
20 21 4
20 0 1
3 6 4
23 3 2
16 21 4
0 2 1
14 15 4
7 10 5
6 10 2
8 11 1
16 19 2
12 14 3
9 12 3
22 2 5
0 2 4
12 14 1
17 17 5
6 10 5
14 19 4
9 12 4
18 21 2
23 1 1
2 6 1
10 14 5
19 23 4
4 7 3
3 7 5
8 10 3
13 15 3
0 6 5
22 0 2
18 20 1
4 6 5
13 18 1
10 13 5
9 12 3
13 16 4
3 6 5
22 2 2
13 14 4
23 3 2
0 3 5
4 6 4
15 18 5
10 11 4
9 11 2
20 23 5
3 5 3
11 14 4
13 17 4
9 13 2
14 16 2
13 16 2
14 17 5
2 7 3
16 19 3
19 22 3
17 20 4
5 8 4
20 23 5
15 17 5
22 3 3
2 7 5
5 9 1
10 13 1
13 16 3
23 2 4
4 7 1
1 4 5
5 8 5
22 1 2
0 2 3
1 2 1
14 18 4
12 14 1
2 5 3
2 6 4
2 4 5
4 7 2
5 8 5
14 18 3
5 9 2
8 10 3
8 12 5
9 11 5
19 0 4
13 17 2
18 22 4
12 15 1
0 4 3
9 12 5
5 10 2
9 13 3
17 20 1
21 0 3
7 9 4
21 23 2
15 18 3
10 13 5
23 3 5
8 11 5
12 15 4
0 4 4
21 0 3
3 7 3
10 12 1
16 18 4
10 13 3
23 2 2
18 21 1
7 10 4
18 21 5
14 17 4
1 3 2
13 15 5
20 0 2
3 7 1
13 15 4
13 16 1
3 6 5
7 10 5
10 13 1
14 17 1
18 20 4
14 18 2
7 10 3
16 20 4
18 20 5
11 14 2
18 22 3
13 15 2
1 3 4
19 22 4
18 23 4
5 8 1
5 7 3
19 22 4
8 10 5
10 13 3
3 6 3
3 5 4
15 19 1
1 4 2
13 14 3
5 7 5
18 20 4
0 5 2
23 3 1
2 4 4
2 4 1
6 10 1
22 0 2
6 10 5
10 14 5
0 1 2
3 5 3
1 3 2
3 7 3
22 1 1
8 11 2
1 5 4
20 0 5
14 17 5
10 12 1
15 18 1
11 16 3
14 17 3
17 20 4
3 6 3
19 21 1
11 15 2
13 16 1
23 2 5
1 4 4
23 1 5
18 20 4
3 6 1
19 23 5
17 19 4
13 16 5
2 5 2
0 5 5
15 16 5
19 23 3
16 17 1
0 3 3
23 2 5
8 11 3
17 19 3
23 2 2
5 9 1
5 8 3
12 14 2
13 16 2
20 23 5
21 23 1
21 0 5
5 9 3
8 9 3
3 6 3
7 12 1
12 13 4
3 6 3
1 5 2
14 17 1
18 21 4
23 1 1
23 1 1
21 23 1
22 2 4
4 8 4
8 11 4
5 9 1
14 14 4
11 14 4
21 0 3
8 11 5
21 23 1
6 10 5
13 16 3
23 2 4
18 20 3
16 18 2
0 2 5
11 13 4
6 9 2
9 10 2
1 5 1
2 4 1
1 4 2
9 11 1
20 22 2
7 12 5
15 18 2
3 5 2
14 16 2
17 20 1
18 20 2
9 12 4
13 17 2
19 21 2
19 20 5
0 5 1
1 5 5
9 13 3
20 23 5
2 5 4
20 22 1
14 17 5
9 13 5
3 7 2
3 7 4
6 8 1
5 10 2
16 19 5
13 16 2
6 10 5
2 6 5
20 21 3
9 11 4
9 11 1
16 21 5
2 5 4
13 17 4
3 6 4
9 14 5
11 15 2
21 0 4
23 0 2
1 2 4
0 3 4
21 2 2
8 12 3
5 9 2
2 6 4
3 8 2
8 9 4
22 1 5
19 22 3
21 0 2
21 23 2
13 17 1
1 5 3
23 3 3
23 2 5
8 10 4
15 19 2
3 5 4
21 1 1
16 18 1
19 23 5
0 2 1
10 13 2
23 1 4
19 21 5
10 12 2
0 4 4
12 15 1
19 21 1
18 23 5
16 20 2
0 3 4
11 13 2
5 7 5
22 0 1
16 19 2
14 16 4
19 23 3
11 13 2
6 9 3
0 3 1
