400 4
4 5 20 11 
4 6 4
21 2 4
2 6 3
8 10 4
11 14 2
6 10 4
5 9 2
4 9 4
7 11 4
20 23 1
18 19 2
8 11 2
14 17 1
2 7 3
18 22 4
12 15 2
4 9 2
11 14 1
7 9 4
4 7 1
23 3 4
17 20 4
19 21 4
5 9 4
9 11 4
19 21 4
13 17 3
21 0 2
15 19 4
16 19 2
18 22 1
7 10 1
1 5 1
10 11 2
18 22 2
0 3 1
21 2 3
3 7 1
4 7 3
13 16 4
0 4 1
16 18 3
14 17 1
16 17 4
5 8 4
14 17 3
19 23 1
7 9 3
1 3 1
4 6 3
15 20 3
19 22 3
5 9 2
15 18 4
13 17 2
6 7 2
23 3 1
16 19 2
13 16 1
22 0 4
8 10 1
8 10 4
18 21 1
14 17 2
19 22 1
11 12 1
2 3 1
4 6 1
18 20 2
16 19 4
2 4 4
12 16 2
12 15 4
15 16 2
22 0 3
18 0 3
15 18 4
12 16 1
13 16 3
4 8 4
15 18 1
12 16 1
23 3 1
10 12 2
4 7 4
17 19 4
22 2 4
14 16 3
18 20 1
19 22 3
11 14 3
15 20 4
5 8 4
13 15 4
20 23 2
22 2 2
20 23 1
1 3 4
4 6 1
22 0 2
7 10 1
13 16 3
6 8 1
10 13 3
23 2 2
9 12 4
7 9 1
7 10 2
12 15 4
21 23 4
11 15 1
18 20 3
0 3 2
20 1 1
6 10 4
13 16 3
8 11 3
17 20 1
1 5 3
8 11 2
20 23 3
10 11 3
20 22 1
21 2 3
5 7 4
3 8 1
14 17 2
12 16 3
16 20 3
17 20 4
11 13 3
4 6 2
3 6 4
14 17 1
20 0 2
4 9 1
21 23 4
17 20 1
16 17 4
2 4 3
3 7 2
21 22 1
14 18 2
10 14 1
14 19 3
12 15 4
6 9 4
16 19 4
18 19 4
22 3 4
9 11 4
14 16 4
15 18 1
22 1 1
4 6 4
0 3 3
2 5 1
4 8 1
16 18 3
14 19 1
4 7 4
3 7 3
19 21 1
7 9 1
20 21 4
16 21 3
4 7 4
9 12 4
12 15 1
2 3 1
7 10 4
17 19 3
22 1 2
0 2 3
9 12 1
11 16 4
1 4 3
21 1 2
18 20 1
14 17 4
15 19 3
3 5 3
3 6 3
23 3 3
3 5 4
21 1 3
23 3 2
14 16 3
12 15 2
16 18 3
23 4 3
19 21 1
5 9 4
4 7 4
2 3 1
5 8 2
1 3 4
21 1 4
0 4 1
16 18 1
21 0 1
10 12 2
11 14 1
10 12 3
11 14 3
4 7 4
7 11 3
21 0 2
12 14 4
17 19 1
0 2 3
8 8 3
18 21 1
11 13 2
11 14 1
11 15 1
7 10 4
14 17 3
0 2 2
20 22 2
11 15 1
7 12 2
12 15 2
18 20 4
16 21 1
20 1 1
14 16 3
9 12 2
2 4 2
6 10 4
14 17 1
13 15 2
17 21 3
12 15 3
10 12 2
1 4 3
11 16 3
15 19 2
18 22 2
9 12 4
17 21 2
8 11 1
20 23 1
21 23 1
22 2 1
22 1 4
23 2 3
9 13 4
10 13 1
9 10 3
23 2 2
14 16 2
2 6 4
6 9 2
17 21 4
18 20 2
5 10 3
20 23 4
3 7 2
14 16 4
22 0 3
4 8 4
8 11 4
17 19 2
1 4 2
4 9 1
3 6 2
2 5 3
5 7 4
6 10 2
10 12 4
4 7 3
15 17 4
22 2 4
11 14 3
3 6 1
9 12 4
4 7 2
19 22 2
17 21 1
19 22 4
12 15 4
3 6 1
17 21 1
12 15 2
12 15 2
12 16 1
3 4 2
15 20 3
6 9 3
4 8 2
4 7 3
9 12 4
14 17 2
16 20 1
11 13 1
16 19 2
15 17 4
16 18 1
16 19 1
8 11 3
17 21 1
5 7 4
13 17 4
8 10 3
4 8 2
13 16 1
1 4 3
22 0 4
7 10 2
3 6 2
17 20 3
17 18 4
1 2 1
16 20 3
18 21 3
19 1 1
1 4 3
5 9 4
16 20 1
19 23 4
12 15 2
14 18 1
15 17 4
17 22 4
7 11 3
17 20 2
11 14 3
23 1 2
14 16 1
7 9 1
16 20 1
7 9 1
20 0 3
23 2 3
20 23 3
2 7 1
13 16 3
23 2 1
18 21 3
4 9 4
15 17 4
0 5 4
21 1 3
17 20 4
22 23 2
20 0 4
21 2 2
15 18 1
11 14 3
15 18 4
22 0 2
3 5 2
4 7 3
21 1 3
8 10 2
17 19 1
19 23 1
0 4 2
23 1 1
23 1 1
7 11 3
20 0 4
18 22 3
11 16 2
20 0 2
21 0 2
0 3 1
13 15 1
8 10 4
16 21 3
6 9 4
5 9 4
13 16 1
9 12 1
15 18 4
12 15 2
8 11 2
6 11 2
15 16 1
6 9 4
4 7 3
16 18 1
2 6 2
14 18 3
20 0 4
1 5 3
10 12 1
1 5 3
19 21 1
10 12 4
3 5 2
19 0 3
3 5 3
22 0 3
10 14 4
3 6 3
12 16 3
15 16 2
9 14 1
