500 6
6 18 7 20 20 2 
16 20 3
5 10 3
3 4 6
4 7 6
9 11 6
16 20 3
20 22 2
11 15 6
19 23 4
22 1 6
5 6 4
8 10 2
2 5 4
7 10 1
6 9 6
10 14 2
4 8 1
15 19 1
1 3 3
14 17 6
23 2 6
19 22 1
10 14 3
18 20 5
5 9 6
18 21 2
14 17 2
0 3 5
1 3 2
17 18 6
21 2 5
8 12 5
19 23 1
9 12 2
4 6 4
6 8 3
11 14 6
5 6 1
5 9 1
17 18 2
7 11 6
23 3 2
18 20 4
13 15 2
5 7 2
0 3 3
4 6 4
7 9 6
14 17 5
3 6 5
9 11 4
7 10 6
5 9 1
7 10 4
8 11 2
1 3 3
21 0 1
23 0 5
20 21 1
13 14 4
10 13 1
21 1 4
18 20 5
7 11 1
7 10 1
9 11 6
10 13 5
18 23 5
1 3 1
6 9 6
0 4 6
4 6 4
23 2 5
15 18 6
1 3 5
3 7 5
2 3 2
1 4 2
2 3 6
14 18 6
11 15 5
8 12 3
8 11 5
3 3 4
18 20 3
20 23 5
18 21 2
11 13 1
0 4 5
1 4 3
2 5 4
7 11 6
3 5 6
21 23 2
14 15 2
8 9 1
10 14 1
13 15 3
4 6 5
16 21 4
19 23 1
23 3 6
1 4 3
0 2 1
1 2 3
17 20 2
0 5 4
17 20 6
3 6 1
1 4 1
3 6 3
12 15 6
23 2 3
0 3 6
10 13 1
13 17 5
4 8 2
20 22 3
16 18 4
22 1 1
11 14 2
21 0 3
18 22 1
6 9 3
12 15 5
4 5 4
1 5 4
4 5 2
21 1 6
13 16 5
19 22 6
18 22 6
19 23 1
5 10 1
3 5 2
23 3 2
19 20 3
22 0 1
16 18 1
3 6 3
12 15 5
17 20 6
18 21 3
13 16 1
22 1 4
2 4 6
5 8 6
23 3 1
18 22 2
19 22 2
15 18 4
2 6 4
5 8 3
8 13 1
19 21 5
15 18 5
13 15 3
6 8 6
21 0 1
0 2 6
22 4 2
7 10 2
9 12 4
4 7 3
4 6 6
13 16 1
18 23 1
18 23 5
23 1 6
19 0 5
16 19 6
3 6 1
15 19 4
2 4 5
17 20 4
15 17 4
5 9 1
1 3 6
6 9 5
1 3 3
4 8 4
21 0 1
11 15 3
4 8 2
2 6 6
23 1 5
0 4 4
7 10 1
0 2 4
14 17 5
20 0 5
23 3 4
7 7 2
5 8 2
15 19 6
20 2 4
13 16 2
3 4 3
19 23 6
3 5 1
21 23 5
21 23 5
2 5 4
6 9 4
8 10 1
6 9 2
11 14 1
5 9 4
12 15 1
14 18 3
15 20 6
2 4 5
9 11 3
10 12 3
0 2 6
2 5 5
16 17 1
15 17 4
7 9 1
4 8 6
9 14 4
20 0 4
18 21 4
23 2 6
17 20 2
10 13 3
6 7 4
21 23 3
14 18 2
15 18 6
21 1 3
5 9 2
8 11 6
4 7 1
5 8 6
21 0 1
18 22 6
1 3 6
5 9 6
16 20 1
22 2 1
9 11 5
11 14 2
9 13 3
8 10 4
20 0 2
10 13 3
18 22 4
14 17 2
12 17 6
7 10 3
17 19 4
4 8 2
14 20 3
12 16 3
6 9 4
22 0 4
12 15 1
4 6 4
18 21 6
1 4 3
22 1 2
23 2 6
8 10 6
17 20 1
18 21 6
22 3 6
11 14 3
20 22 3
23 2 4
18 20 1
13 16 4
16 18 5
3 7 5
15 16 6
12 15 2
7 11 1
21 23 6
10 12 5
14 16 6
0 1 5
15 20 4
2 6 4
9 13 1
23 2 1
18 21 5
14 18 4
13 17 6
23 1 2
1 4 2
8 12 1
5 8 2
4 8 6
13 16 2
18 22 1
16 19 1
6 9 2
9 12 6
9 11 6
12 14 4
16 18 3
3 6 5
5 9 6
1 4 5
17 19 5
23 3 1
13 16 5
0 4 5
5 9 3
2 6 1
2 5 2
8 11 1
0 2 5
10 13 2
21 2 2
10 11 1
23 1 2
4 7 3
23 1 2
18 20 1
7 10 6
17 21 2
20 22 1
4 6 3
12 16 4
6 8 2
18 20 6
19 21 1
3 6 6
2 5 6
13 15 6
14 19 1
11 15 5
2 4 4
8 10 1
21 23 5
22 2 3
9 12 3
4 9 2
23 1 5
12 15 2
16 19 1
9 10 2
17 19 6
1 2 6
10 14 3
3 6 1
18 21 4
22 2 3
12 14 3
4 6 1
9 12 4
3 7 5
4 7 4
5 6 6
6 8 3
2 4 1
2 4 1
2 6 6
19 22 4
17 21 6
21 23 5
5 8 1
2 5 3
19 21 4
3 6 3
2 5 1
18 21 4
1 4 2
23 3 3
6 10 2
7 9 2
8 12 6
15 17 4
4 6 4
14 17 1
22 1 1
13 14 3
23 3 1
5 8 3
5 8 5
9 13 1
9 13 6
0 3 1
0 2 5
4 8 2
5 10 1
6 10 5
16 19 1
1 3 5
15 18 5
16 19 1
3 4 6
23 3 6
7 10 6
14 17 4
5 9 1
5 7 4
23 2 1
8 13 1
16 18 6
16 20 2
3 6 5
18 20 1
10 13 5
8 12 5
5 8 2
13 15 6
17 20 4
12 16 5
21 23 2
1 4 2
19 0 3
18 20 3
17 20 1
4 8 5
9 11 4
15 18 1
20 0 5
0 3 2
1 5 5
0 3 2
8 12 1
5 9 3
1 5 1
13 16 3
0 3 3
19 22 5
10 13 6
17 21 5
9 12 1
2 4 2
3 6 6
16 18 6
2 4 6
19 23 3
18 20 6
23 1 2
13 15 2
13 16 4
8 12 3
15 17 3
9 12 3
3 7 1
4 8 1
17 21 6
23 3 3
13 15 5
20 23 1
1 3 5
9 11 2
8 11 3
0 4 4
12 16 4
3 6 6
1 5 3
9 13 6
2 4 6
23 1 6
17 19 1
13 16 4
16 19 3
7 12 4
9 11 2
19 22 4
21 1 6
19 22 4
17 21 5
0 3 5
15 19 2
14 20 1
13 16 3
16 18 1
11 14 4
4 7 6
16 19 1
16 20 2
18 23 2
6 9 3
2 5 4
15 18 3
3 6 3
2 4 5
6 11 4
16 20 6
11 15 4
4 6 1
7 9 6
13 16 6
5 8 5
2 6 3
13 17 2
5 8 5
7 10 5
21 1 3
18 23 3
17 18 4
0 3 6
5 9 6
20 0 1
