500 5
4 11 18 19 17 
18 20 1
0 5 1
7 9 1
8 13 2
13 15 3
7 9 2
19 22 3
11 12 1
19 20 2
3 5 4
13 16 3
17 19 4
15 20 4
23 3 5
15 17 5
22 1 1
10 13 3
6 9 2
7 10 3
13 16 2
0 5 2
22 1 3
13 15 2
14 18 5
21 0 5
22 23 4
21 2 4
7 8 4
9 11 2
7 9 5
4 6 4
9 12 1
18 21 3
14 16 4
18 22 3
18 21 5
21 1 5
15 17 3
17 17 5
21 23 3
20 21 3
2 5 1
18 22 5
0 2 5
16 19 5
19 23 4
2 4 1
7 9 2
21 0 3
9 12 5
5 8 1
1 4 2
17 21 5
17 20 5
20 22 5
12 16 5
18 21 1
12 13 4
22 0 1
15 19 3
14 17 2
0 1 4
16 19 1
3 7 5
8 11 4
1 4 5
0 4 1
16 18 3
12 14 3
20 22 5
22 1 4
12 17 4
4 7 1
6 11 3
14 17 1
23 4 5
20 0 1
18 23 3
20 22 1
10 13 3
16 18 1
15 19 2
9 11 1
10 12 4
1 4 5
17 19 4
6 8 2
8 12 5
21 0 3
11 16 1
4 8 3
20 22 4
10 12 5
6 8 1
5 7 5
2 4 2
1 4 2
23 3 2
13 15 2
0 4 5
5 8 1
4 7 3
0 3 4
14 17 2
12 15 5
5 9 1
19 22 5
21 0 3
0 3 1
17 19 2
16 20 3
21 1 4
18 21 1
0 3 5
17 20 1
17 19 1
15 17 2
22 1 1
12 14 5
15 16 5
15 18 4
7 11 3
15 19 5
17 23 2
20 23 3
9 12 2
16 20 1
17 19 2
16 19 1
11 14 2
7 12 1
18 21 1
22 2 5
16 20 1
1 4 5
12 16 1
20 22 2
13 17 4
23 2 5
0 2 1
22 1 2
3 7 5
7 9 3
22 1 5
5 6 5
1 4 4
9 12 2
20 22 3
16 19 3
3 7 2
13 15 5
0 4 3
8 10 5
20 23 2
21 2 5
19 22 2
17 19 4
18 21 4
4 9 3
15 18 1
7 10 3
16 19 4
5 7 4
5 8 2
23 2 4
20 0 4
3 8 1
1 5 3
2 5 4
5 8 2
11 14 2
12 16 3
21 23 4
14 16 1
8 13 5
4 9 2
10 13 5
7 9 2
23 4 1
16 19 2
7 11 4
22 1 5
2 5 5
5 8 1
14 18 4
2 6 3
6 10 2
22 1 2
14 18 3
5 8 3
17 23 2
19 22 1
12 14 3
1 4 4
13 16 5
22 0 1
19 21 4
9 11 5
7 10 2
11 13 1
19 22 2
18 23 3
10 13 1
12 15 3
20 0 2
20 23 4
8 9 3
16 20 4
22 23 5
7 10 3
14 17 1
6 10 2
8 12 2
14 19 5
20 23 2
7 10 2
6 8 3
13 17 4
8 10 3
9 14 2
11 15 5
23 3 5
11 13 5
7 9 5
12 15 3
7 11 3
20 0 1
20 23 3
17 19 1
12 15 4
0 3 5
2 5 2
23 2 4
9 12 2
15 18 3
7 8 2
15 19 3
18 22 2
0 3 3
10 13 5
15 18 1
7 10 2
17 19 4
5 7 3
17 20 1
5 8 2
8 10 1
5 8 1
0 2 3
13 15 4
23 2 1
10 11 1
21 23 2
22 0 2
0 3 3
15 18 1
12 15 5
13 17 2
18 21 3
20 1 2
5 8 5
16 19 3
11 12 2
20 0 5
14 18 1
21 1 5
8 12 3
5 6 2
8 10 2
18 22 1
6 11 2
0 2 1
10 13 2
8 11 5
2 5 5
1 3 5
19 22 2
17 21 3
10 14 5
1 4 3
5 7 4
13 17 2
15 17 1
19 0 3
0 2 4
20 23 2
0 2 3
23 2 1
10 13 2
23 2 4
13 15 1
9 13 2
17 19 3
7 10 4
6 9 5
19 21 1
8 10 1
14 18 3
22 2 4
19 0 3
23 0 5
0 3 3
15 20 1
22 0 5
6 8 3
4 7 3
23 3 3
15 16 3
17 19 1
8 10 3
11 14 4
6 9 1
20 0 4
0 4 3
15 18 5
9 13 3
18 21 4
15 17 1
18 21 3
21 23 1
18 23 5
7 10 3
23 1 2
8 13 5
6 9 3
10 13 1
18 20 1
7 9 2
2 4 1
12 16 4
10 14 3
2 5 1
18 20 3
21 0 1
9 11 4
18 21 4
12 15 4
0 4 4
2 4 5
6 10 3
17 20 5
8 11 5
17 20 5
12 13 4
15 17 4
10 13 4
1 4 4
15 20 4
11 14 1
2 6 1
20 23 4
11 13 3
8 12 1
20 21 3
12 17 1
7 10 4
4 8 4
20 1 4
19 21 2
16 19 3
16 20 3
18 20 1
17 20 1
17 19 3
23 3 4
23 4 1
10 12 3
23 0 1
23 1 1
14 17 4
20 0 5
4 7 1
13 16 5
23 3 2
7 9 4
10 13 1
9 12 1
18 22 1
17 19 3
23 2 4
2 7 5
3 4 2
0 3 2
3 7 2
12 17 2
5 8 4
1 3 5
19 21 1
16 20 1
20 23 1
23 3 4
4 6 5
3 6 3
1 2 5
15 17 1
22 2 2
14 18 1
23 2 3
17 18 2
13 16 5
9 12 1
8 11 4
15 18 5
5 7 5
20 2 5
21 23 1
14 17 5
19 22 1
21 0 3
7 9 1
6 10 5
10 13 1
23 4 3
18 21 2
18 20 2
16 17 3
23 0 4
5 7 4
6 9 1
22 0 2
23 2 1
17 20 1
10 13 1
19 21 3
10 12 1
12 15 3
14 18 3
11 15 3
3 5 4
4 8 2
2 4 5
15 19 1
16 19 3
9 12 2
0 3 1
17 20 4
6 10 3
20 23 4
11 14 3
13 16 1
4 7 1
7 9 5
19 21 2
22 2 2
20 0 2
17 18 4
3 5 4
22 0 1
3 6 5
20 23 3
9 10 1
9 13 3
9 12 3
4 7 3
1 3 2
13 16 3
9 13 3
16 19 4
5 9 4
21 0 5
23 2 5
13 17 1
9 11 5
22 2 4
3 5 3
13 17 3
15 18 2
0 3 4
5 8 1
11 14 1
2 6 1
5 7 4
2 6 4
15 18 2
9 12 3
19 22 1
19 21 4
3 5 4
19 21 1
21 23 2
9 12 1
17 21 5
16 18 5
1 3 3
10 12 4
6 9 1
10 12 4
19 22 1
2 5 3
5 8 5
1 4 2
12 14 2
4 6 5
15 18 4
8 10 4
21 23 2
3 8 3
13 15 4
18 22 4
3 6 1
