500 4
2 3 19 21 
7 10 1
9 12 1
18 22 1
19 22 4
10 14 4
1 5 4
10 13 3
7 11 1
22 1 2
18 20 1
0 4 1
17 19 4
15 17 2
3 7 4
18 21 3
3 6 4
5 7 3
3 7 1
14 16 4
19 22 1
2 4 4
18 21 2
8 11 4
17 20 4
18 20 1
22 1 3
22 23 3
14 17 3
1 4 3
7 8 1
17 19 4
23 3 4
23 1 2
8 12 2
16 19 4
15 17 2
9 13 2
17 18 2
17 19 4
22 2 2
14 16 3
17 21 4
14 17 1
0 3 1
11 14 3
16 21 1
4 7 4
22 0 3
21 23 2
23 3 3
3 5 3
22 0 3
14 17 3
0 2 3
2 5 3
10 12 1
6 9 1
14 16 3
21 23 4
7 12 1
3 6 4
21 1 1
6 10 3
12 16 3
11 13 1
10 12 3
10 13 4
11 14 4
16 20 4
17 21 3
11 14 1
15 18 2
11 15 3
8 11 2
12 14 2
19 22 3
19 23 1
18 21 4
10 13 4
20 23 3
12 15 4
2 5 1
5 8 4
15 19 1
7 11 2
21 23 1
22 2 1
16 19 4
2 7 3
11 14 3
11 15 4
20 22 2
17 21 1
6 8 4
9 13 2
4 6 3
22 1 2
10 12 1
13 17 2
19 21 1
2 4 1
2 5 3
17 21 2
13 15 2
14 16 3
17 20 4
2 6 3
11 14 4
18 21 2
22 1 3
12 15 3
18 23 2
8 11 1
4 9 2
21 23 3
16 19 1
19 22 2
19 21 3
9 12 2
8 10 1
2 5 1
8 11 1
5 7 4
20 22 1
16 20 1
4 7 3
19 21 4
6 9 2
4 8 1
20 0 4
0 3 4
22 2 3
11 15 4
10 15 4
20 23 1
8 11 4
1 4 2
4 6 3
5 8 4
19 21 2
5 8 3
10 13 1
9 12 2
3 4 1
17 21 1
3 7 3
16 20 2
19 23 1
18 23 1
16 20 2
21 23 2
3 5 2
18 23 2
1 4 4
8 11 1
11 14 1
0 2 1
2 6 1
2 5 1
20 23 4
17 22 1
23 2 1
14 16 4
2 6 3
18 20 4
19 22 4
0 3 3
16 20 4
20 23 4
22 0 1
11 15 2
2 4 4
4 10 3
12 14 1
1 3 2
7 9 2
0 3 4
18 21 2
3 6 2
16 20 2
0 4 2
12 13 1
2 6 1
9 10 4
9 13 2
10 12 3
20 0 3
12 13 4
0 3 3
0 4 3
2 6 4
9 12 1
21 0 4
14 19 1
5 8 2
9 12 1
23 0 4
13 15 4
16 19 4
20 0 3
5 9 4
13 16 2
1 4 4
8 11 2
22 23 4
12 15 3
11 16 1
19 23 1
14 17 2
2 4 2
0 3 4
14 15 4
12 15 2
20 21 3
6 8 2
16 18 3
10 13 4
8 11 1
13 15 1
14 19 3
14 16 1
4 5 1
16 18 2
6 9 2
17 21 3
4 8 2
6 10 1
11 15 1
4 7 4
23 2 4
8 9 2
23 2 4
10 13 3
5 8 3
3 6 2
8 11 1
17 21 1
22 1 3
6 9 2
8 11 3
11 15 2
11 14 4
14 18 1
1 5 1
9 11 1
6 8 4
22 1 1
8 10 4
18 20 2
5 7 3
18 22 4
18 22 4
18 20 3
0 3 3
8 13 1
11 12 1
13 16 4
8 11 4
19 23 3
21 23 3
23 4 4
18 19 1
12 15 1
10 12 1
17 20 4
22 1 2
4 7 2
15 18 4
19 21 1
3 7 1
0 4 4
22 2 4
3 6 2
3 5 3
5 8 2
16 19 3
2 6 3
10 13 2
23 2 2
21 1 1
1 4 1
5 8 3
17 20 3
2 5 3
13 16 1
16 20 1
19 21 4
22 0 2
20 21 1
18 21 4
4 7 4
22 2 3
17 20 4
11 15 3
19 21 1
22 1 4
8 10 1
6 9 2
5 8 1
11 14 3
19 21 3
18 23 4
18 20 2
20 23 1
15 17 1
15 19 1
20 23 2
18 21 2
10 13 1
20 23 1
0 4 3
10 15 1
16 17 3
1 4 3
18 21 2
2 5 4
23 2 1
9 12 1
15 18 1
21 2 1
15 18 4
13 14 1
4 8 3
0 1 4
21 0 2
18 21 3
9 11 3
16 19 2
19 22 4
10 14 4
12 16 4
16 19 1
9 12 1
15 16 2
9 13 4
0 3 2
18 21 2
21 23 4
7 11 4
4 8 2
20 22 3
15 19 2
11 14 2
22 1 1
11 15 4
15 17 1
2 3 4
15 19 4
4 3 1
12 15 1
2 6 4
8 11 1
4 9 3
12 14 2
7 10 3
4 7 1
3 7 4
8 13 3
17 21 3
6 9 4
11 14 3
2 7 2
7 9 3
10 12 1
13 16 1
1 2 3
5 8 3
2 5 3
16 19 3
11 13 1
7 10 1
12 16 4
12 16 2
5 9 2
18 21 3
10 12 3
2 6 3
7 11 1
22 4 1
11 16 2
19 22 1
8 11 3
12 15 3
8 12 4
9 11 3
12 14 1
21 0 3
0 2 4
18 22 1
22 1 3
7 9 1
7 11 3
22 1 1
10 11 4
15 18 3
21 0 3
19 22 1
16 19 1
13 16 4
18 19 4
23 3 2
7 10 3
21 23 3
3 7 3
21 1 1
16 19 4
18 22 2
23 2 3
2 6 4
20 23 1
23 3 1
10 12 1
12 15 2
23 2 3
9 13 4
18 21 4
14 18 2
19 21 2
9 13 3
0 2 1
19 0 3
0 2 4
13 15 1
16 19 3
22 0 2
5 9 2
21 1 3
12 15 4
13 17 3
3 5 1
23 2 4
9 13 1
13 15 3
5 8 2
3 7 3
3 6 1
4 7 1
21 0 2
19 21 4
20 20 4
6 9 2
7 10 2
16 17 3
20 23 2
0 3 1
18 19 2
11 14 2
19 20 1
5 8 4
1 5 4
11 11 4
15 17 1
14 16 4
5 9 4
4 7 4
1 3 3
1 4 4
19 22 4
4 6 3
21 0 3
10 12 4
8 12 4
15 18 2
4 8 2
19 21 4
12 14 2
9 10 4
13 16 4
18 22 2
17 20 2
18 22 4
2 4 3
22 2 1
15 18 2
8 11 1
2 6 3
19 22 2
23 2 4
12 16 3
23 2 1
19 23 1
21 2 4
0 3 4
11 13 4
20 22 2
1 5 3
4 6 4
20 0 1
15 17 2
5 9 3
12 15 3
16 20 3
1 4 4
22 0 1
13 15 3
9 12 1
13 15 3
19 23 3
14 18 2
17 20 1
