600 4
16 21 24 14 
2 5 1
20 23 3
19 22 3
5 7 2
5 8 1
4 5 2
4 8 2
10 13 4
12 18 4
21 1 1
14 18 1
15 19 3
13 16 4
6 8 3
2 4 1
2 5 1
23 1 2
7 9 2
9 12 1
5 8 1
21 0 3
2 6 1
23 3 2
23 4 4
1 4 4
8 9 1
10 12 2
15 18 2
4 7 1
9 9 4
16 21 4
22 1 4
15 18 1
17 20 3
5 6 4
18 21 4
3 6 3
9 12 3
6 9 2
20 23 4
13 14 3
23 3 3
5 8 1
18 21 4
3 4 3
5 7 3
9 11 4
4 6 2
14 15 2
18 21 2
12 17 1
6 9 4
10 11 4
5 7 4
4 6 1
7 11 4
6 10 2
0 5 1
15 18 1
2 4 2
6 10 3
2 5 1
22 1 3
0 1 1
19 21 3
9 13 1
6 8 3
17 20 3
8 10 3
18 22 2
22 23 4
1 3 4
15 18 3
22 3 2
10 12 2
6 9 3
9 13 2
2 5 4
6 9 4
9 11 2
19 21 1
8 11 3
17 21 3
6 6 1
3 6 2
16 21 3
7 12 1
8 11 4
10 12 3
20 23 1
19 22 3
12 16 1
16 17 4
11 14 1
3 7 3
7 9 1
9 12 2
13 16 4
10 13 4
19 23 1
0 3 4
10 13 1
10 14 3
10 14 3
20 23 1
5 7 1
20 23 4
22 1 2
22 0 2
20 1 2
12 14 4
17 19 4
5 8 4
23 2 1
16 18 3
18 22 1
10 13 1
20 23 4
2 3 2
15 19 1
15 17 2
0 4 3
8 11 2
14 18 2
12 15 4
16 17 4
23 4 3
1 3 2
3 6 2
10 13 1
5 9 2
15 19 1
22 1 4
11 13 2
10 14 3
22 3 2
10 13 1
5 8 4
7 10 1
19 23 2
13 16 2
13 16 4
18 21 1
1 2 2
14 18 4
7 10 1
17 21 1
16 19 2
11 14 1
10 14 3
10 13 1
14 17 2
6 9 4
22 1 2
9 12 2
6 11 3
4 6 3
18 23 1
22 2 4
1 4 2
0 3 3
15 17 2
21 1 2
8 10 2
12 14 3
8 10 2
20 0 2
1 4 3
12 15 1
18 19 4
19 23 4
6 10 4
6 9 3
0 3 2
10 13 4
3 8 2
21 22 2
3 7 1
17 20 4
18 21 3
22 23 3
1 3 2
7 11 3
12 16 2
6 9 1
0 3 3
4 7 4
18 19 1
7 11 3
14 17 3
0 5 4
9 13 1
1 5 1
4 8 3
0 1 1
16 18 4
6 10 2
11 15 2
9 12 4
18 23 4
10 14 4
16 19 1
13 15 4
10 13 3
11 16 1
20 1 2
16 19 1
14 19 3
8 12 2
18 22 1
5 6 2
9 11 1
14 17 2
21 0 2
3 5 4
6 8 4
8 10 3
15 17 4
1 6 2
22 0 1
20 1 2
5 8 4
18 21 4
15 17 2
23 2 4
21 23 4
14 16 1
0 2 2
1 3 2
13 17 3
7 11 4
1 4 2
14 16 1
9 12 1
20 0 1
0 3 2
2 5 3
14 15 2
0 4 2
9 11 2
11 16 1
0 3 4
6 10 1
10 13 3
17 20 2
1 4 2
11 14 4
12 13 2
9 12 2
5 7 3
8 12 3
1 6 1
16 20 4
12 14 1
1 4 3
10 14 4
19 23 1
1 6 1
1 6 3
16 19 3
4 6 2
10 11 3
14 15 2
20 23 4
21 23 1
7 8 4
1 4 1
4 6 2
9 13 4
12 15 3
7 9 2
7 12 3
14 18 3
12 15 1
13 15 1
18 23 2
20 0 2
21 23 1
19 22 1
10 14 3
15 19 2
16 20 2
19 23 3
6 9 3
8 11 3
23 3 2
18 22 4
9 13 3
22 1 1
22 1 2
6 10 1
11 14 3
18 23 2
22 1 2
11 13 1
0 2 3
7 9 2
22 0 2
22 1 2
0 4 2
12 15 2
4 8 4
7 10 1
4 7 1
13 16 1
8 10 1
22 1 1
5 10 2
14 17 3
5 6 4
18 21 3
12 13 1
23 4 1
5 7 4
10 13 4
15 18 3
5 9 4
6 11 2
2 5 4
19 22 3
15 16 1
4 7 1
3 5 2
1 3 4
6 9 2
4 7 1
16 19 2
10 13 1
9 12 4
8 11 1
11 16 1
12 17 1
6 8 1
17 19 2
23 2 2
20 23 4
1 5 3
4 7 4
5 8 3
4 8 3
1 5 1
19 23 3
4 8 2
7 11 4
9 12 4
4 8 2
18 21 4
13 17 4
23 0 3
2 5 1
15 18 1
8 12 2
6 8 3
20 2 4
9 13 3
1 3 3
20 1 3
17 19 2
9 12 3
18 21 1
3 6 2
0 3 1
2 5 1
4 7 1
16 18 3
11 11 1
3 5 3
13 16 1
11 16 1
22 2 1
21 1 4
8 12 3
13 16 4
22 23 4
2 5 1
16 20 2
8 10 2
7 11 4
23 3 2
0 3 2
13 16 3
10 14 2
16 18 1
2 4 1
4 7 4
2 6 4
17 20 4
2 5 2
1 7 4
10 14 2
20 23 2
7 11 1
10 13 4
15 18 1
9 14 3
14 18 1
18 23 2
12 15 4
0 4 3
13 19 2
5 7 1
6 7 2
12 16 3
16 19 3
2 5 4
16 18 1
6 10 4
12 16 2
8 13 2
16 19 3
15 18 1
19 21 4
0 3 3
2 4 2
8 11 3
22 0 2
3 6 4
21 23 4
5 8 1
23 1 3
5 7 3
8 11 1
20 23 3
14 17 3
18 22 4
12 17 4
4 8 3
20 23 2
19 21 1
19 21 4
14 16 2
16 19 3
13 17 4
14 18 3
13 15 3
20 0 3
11 14 1
8 13 3
9 12 2
4 7 3
12 14 2
4 7 2
18 20 3
18 20 2
16 20 3
18 21 4
1 5 4
14 18 1
20 22 2
7 9 1
23 1 2
22 0 2
3 5 2
16 18 1
1 5 4
9 11 4
1 4 2
11 12 3
9 14 1
19 22 3
13 15 2
10 13 1
13 16 2
19 22 1
21 0 1
11 15 3
4 8 2
5 7 3
14 17 4
9 13 2
9 13 1
17 20 1
22 0 4
4 8 2
11 14 2
10 15 1
5 8 1
2 5 3
20 23 3
20 23 2
10 13 3
15 20 2
18 21 2
19 22 1
10 13 3
19 21 1
20 22 4
23 2 4
0 3 1
10 14 2
0 4 4
22 0 1
9 12 2
8 12 3
7 9 2
23 4 1
2 6 2
0 4 2
4 8 4
19 22 4
21 0 1
17 19 4
1 4 4
7 10 3
19 23 4
2 5 4
10 11 1
19 21 2
11 13 3
3 6 2
6 8 2
14 17 1
5 7 1
5 9 2
19 21 2
8 10 4
1 5 1
7 11 4
10 12 3
12 15 1
8 11 1
15 20 3
4 6 1
9 13 2
6 10 3
15 18 4
19 23 2
9 11 2
12 13 3
15 20 1
10 13 4
4 7 4
15 18 2
3 6 3
18 20 3
0 4 2
6 9 3
22 1 1
3 7 1
22 3 4
23 2 3
19 21 4
19 18 4
0 4 2
3 5 2
23 3 2
9 11 3
8 11 2
16 18 3
3 4 2
8 13 1
5 9 1
0 3 3
12 17 1
17 22 3
2 5 2
18 21 4
19 22 1
1 5 4
15 17 3
18 21 2
4 7 4
7 8 1
20 0 2
8 11 4
14 17 4
16 18 3
16 17 3
8 12 4
17 20 4
7 13 4
7 9 1
7 11 1
17 20 2
23 1 3
20 23 2
16 20 3
12 14 3
19 23 1
6 9 1
23 3 1
5 8 3
0 4 3
0 2 2
5 6 4
2 5 1
14 17 4
11 16 4
0 1 4
18 22 1
6 7 4
9 13 2
4 8 3
7 11 4
13 18 3
12 15 3
1 5 2
3 6 3
12 15 3
5 10 1
