600 6
9 17 24 22 5 3 
4 7 2
5 7 4
16 20 5
12 14 6
3 6 3
3 5 5
14 17 5
13 15 6
4 6 5
21 0 6
4 8 2
2 6 2
0 4 6
19 22 6
7 10 6
19 22 3
20 1 4
9 14 2
19 21 2
10 14 3
3 5 5
0 5 2
0 2 5
6 9 2
9 11 1
1 4 4
10 14 2
19 23 3
9 12 1
0 5 3
16 18 5
9 13 3
10 14 4
8 11 5
0 3 3
16 19 5
3 8 2
0 4 6
14 15 4
11 13 1
10 15 1
22 1 2
12 16 1
20 1 4
23 2 1
14 16 4
23 3 1
0 1 6
3 4 2
12 14 3
16 17 3
13 15 1
23 2 4
18 22 5
18 22 2
4 7 1
5 6 5
22 0 6
12 15 1
9 11 5
12 15 2
20 0 6
12 15 2
4 7 5
15 18 6
7 10 2
2 5 3
23 2 1
20 22 5
16 20 5
22 2 3
16 18 2
22 1 2
21 0 5
10 12 3
23 2 4
11 14 1
14 17 4
16 19 6
2 8 6
14 17 2
5 7 5
13 15 3
22 2 6
14 15 2
16 19 6
19 21 3
10 13 1
4 8 2
20 22 2
21 23 3
4 6 3
22 0 5
13 18 2
6 8 3
16 19 1
3 5 2
18 22 4
6 9 3
11 14 5
13 16 3
6 10 1
3 6 3
2 5 3
17 19 3
16 20 1
12 13 3
18 21 4
8 9 5
21 0 6
6 10 1
17 20 2
6 10 2
12 16 2
8 10 3
2 5 2
17 21 5
0 3 5
8 12 2
5 8 4
0 4 1
1 4 1
0 3 4
3 5 3
11 15 3
4 8 3
15 18 6
5 8 5
6 9 4
4 7 1
3 5 6
21 1 4
10 13 1
22 2 5
10 11 1
14 16 2
6 11 5
14 17 2
17 20 1
23 1 1
21 0 2
20 0 1
2 5 2
23 1 2
5 11 4
12 14 4
0 2 6
15 17 4
8 10 4
14 19 1
0 4 2
12 15 3
22 2 6
21 2 4
18 21 5
14 19 6
18 21 4
16 18 1
3 5 4
11 15 6
13 15 3
1 4 5
11 13 5
19 23 4
16 19 1
20 0 5
9 13 5
3 7 2
22 1 3
22 1 2
14 17 4
4 7 6
0 3 1
11 13 6
10 13 3
0 4 2
22 3 6
19 23 5
3 5 5
3 7 4
17 21 6
6 10 2
8 11 6
0 3 2
1 6 3
1 4 2
0 3 4
17 20 3
13 17 3
23 4 6
4 7 6
7 10 1
17 21 1
14 16 1
9 10 4
6 10 4
5 10 1
22 1 6
8 10 1
17 19 6
14 18 1
1 4 4
23 0 1
14 16 4
6 9 6
14 18 1
17 19 3
21 23 3
20 1 2
23 3 1
8 9 1
15 18 3
10 12 3
0 2 5
9 12 3
4 6 5
7 10 5
0 2 6
7 11 5
12 15 5
11 13 1
8 12 6
10 12 5
18 22 2
2 6 2
14 16 3
15 19 4
19 20 2
12 15 2
6 10 3
10 14 6
6 10 1
17 22 2
22 1 3
14 17 5
17 20 6
13 15 5
21 23 5
16 20 2
9 13 3
0 3 6
15 18 4
2 4 5
6 8 3
23 1 5
1 5 4
20 0 6
13 17 3
9 11 5
15 18 2
4 8 2
0 3 1
22 23 6
17 21 1
20 22 6
15 18 2
2 5 3
19 22 5
17 20 6
11 16 1
7 9 6
19 22 1
18 23 6
1 3 5
21 2 5
18 20 5
21 0 4
3 8 5
9 12 3
4 10 2
15 17 1
18 20 4
10 13 5
18 20 6
15 18 6
11 13 2
18 20 5
8 11 1
1 5 4
14 17 6
18 19 1
0 5 1
23 1 3
10 12 5
9 13 3
1 2 3
11 16 6
16 18 3
0 3 4
20 0 1
4 8 4
12 15 2
4 8 6
16 20 4
10 15 6
20 0 5
20 23 5
3 8 1
8 10 2
9 12 4
15 17 1
7 10 4
16 19 6
20 22 6
11 13 1
10 12 2
8 12 4
14 16 5
21 1 1
5 8 6
3 9 4
16 19 3
23 1 6
3 5 2
17 20 2
5 8 3
11 12 6
9 12 6
19 21 5
13 16 1
0 4 2
1 4 2
2 5 5
15 19 3
8 13 6
23 1 1
19 23 2
3 8 5
18 21 2
13 18 6
15 18 2
21 22 4
8 11 4
0 2 5
13 16 1
0 2 1
8 12 3
8 12 4
22 0 4
14 17 5
15 19 2
1 3 3
8 12 6
16 20 2
23 2 5
14 18 4
14 16 5
9 11 4
5 9 6
10 15 4
0 2 3
12 15 2
7 9 6
18 23 1
7 11 2
0 2 3
14 16 5
9 12 1
13 16 4
9 11 2
8 11 2
0 4 3
23 3 2
1 4 3
9 12 3
5 9 4
4 6 3
6 7 4
23 2 4
14 15 1
9 13 4
3 6 2
13 16 2
6 9 4
20 22 6
22 3 3
2 6 1
19 22 3
4 6 4
11 13 3
6 10 5
20 1 5
2 6 1
18 20 1
6 8 2
2 5 3
22 1 2
17 21 6
21 0 4
19 21 2
8 10 3
14 16 5
9 14 2
23 2 5
5 9 3
17 19 6
22 2 3
16 20 1
9 12 1
11 14 1
6 7 2
12 15 1
5 6 1
18 21 2
2 5 2
13 16 5
13 14 4
23 2 5
14 18 2
15 20 2
8 11 1
17 19 6
2 4 2
18 21 2
11 13 6
11 15 6
12 16 1
18 19 5
15 19 6
14 18 6
16 20 3
7 11 2
0 3 5
2 4 4
6 9 2
5 8 4
17 19 6
4 6 5
1 5 2
6 9 2
23 3 5
12 16 4
17 19 3
2 5 4
6 9 3
3 8 1
8 12 6
18 22 2
17 21 6
23 2 4
11 14 3
10 13 1
5 8 3
9 13 6
13 17 3
1 4 6
21 1 3
14 18 3
21 0 6
20 22 1
21 23 4
5 7 5
19 22 6
0 2 3
5 9 5
9 11 2
13 15 5
9 14 5
1 4 5
1 3 2
15 20 6
22 2 2
8 9 1
16 18 5
7 8 5
8 11 3
5 8 2
10 13 1
13 15 1
11 14 6
12 16 4
9 12 5
20 23 4
16 20 3
7 11 6
21 2 6
18 21 1
18 22 4
17 20 6
0 2 4
8 11 3
21 1 3
10 14 1
12 15 6
2 5 1
20 22 6
6 9 5
23 2 2
11 14 2
9 12 2
22 1 6
0 4 5
22 1 4
21 1 4
11 14 6
15 18 6
9 11 3
23 3 4
10 13 3
5 7 3
6 10 3
9 12 2
12 15 1
1 6 4
4 5 5
4 6 3
19 21 6
0 3 4
9 12 2
12 15 1
7 11 5
16 18 2
20 22 6
6 9 2
2 5 4
19 21 3
5 7 3
11 14 3
12 17 6
22 1 6
23 4 5
15 18 3
18 22 3
11 14 2
22 1 2
16 20 2
21 23 1
21 23 6
7 11 4
23 2 1
21 0 6
21 1 3
20 23 5
16 19 6
17 20 1
3 6 2
18 21 1
0 2 2
20 0 1
2 7 5
14 17 2
23 3 1
15 17 5
22 1 1
18 23 3
20 23 6
20 21 1
11 16 5
2 3 6
4 8 1
20 23 4
13 15 4
1 3 3
19 22 4
10 12 2
9 13 1
1 5 1
20 0 4
7 9 2
4 7 3
21 23 2
0 3 5
14 17 3
7 10 2
0 2 4
22 0 1
10 12 1
5 8 2
21 21 3
9 11 5
1 4 5
3 7 2
21 0 4
8 9 4
3 5 2
5 8 5
20 1 2
19 21 4
17 20 4
13 18 2
15 18 4
12 15 5
4 7 1
21 0 5
16 19 3
3 5 4
11 13 3
18 21 6
4 8 1
4 8 6
3 5 4
15 17 4
9 12 3
2 5 2
2 5 4
10 13 2
14 16 3
18 19 1
4 5 6
2 6 1
