600 5
22 8 19 14 11 
2 6 2
11 15 2
10 12 5
17 19 2
9 12 3
0 4 2
14 18 3
14 18 2
11 14 3
11 13 2
6 10 5
21 23 1
18 21 2
5 8 4
18 20 1
18 21 3
0 3 4
11 13 4
7 8 2
9 11 5
17 19 4
8 12 2
14 16 4
11 14 5
16 16 1
5 7 3
6 8 3
9 13 1
22 1 4
16 19 2
11 14 3
5 7 3
8 11 4
14 17 3
3 7 5
19 21 3
9 13 2
2 7 5
22 23 4
8 11 5
13 15 1
17 20 1
7 8 4
7 10 1
9 12 3
0 2 2
1 5 5
3 7 5
1 3 5
13 14 3
16 20 1
16 18 1
10 10 3
17 21 3
22 0 3
13 13 4
18 22 3
5 6 1
19 23 5
5 7 2
2 7 3
7 9 3
1 5 4
13 18 5
1 4 1
3 4 1
6 8 3
14 18 3
19 23 2
15 19 5
13 16 1
1 4 4
18 21 4
9 12 1
7 10 5
8 12 5
20 23 4
11 16 1
15 19 2
2 4 4
0 3 2
13 15 4
2 4 5
14 17 3
23 4 3
22 0 2
9 12 1
1 4 3
5 7 1
6 8 1
10 13 5
0 4 2
23 3 2
16 21 2
16 18 4
21 0 2
18 21 5
23 1 1
7 10 2
7 9 3
21 0 3
16 19 1
2 6 5
11 14 4
10 12 5
21 0 2
13 15 4
1 3 2
9 15 1
7 10 4
10 13 2
21 23 5
16 20 1
1 4 4
6 11 5
20 23 3
11 15 4
5 7 1
10 14 3
8 11 5
0 4 2
7 11 2
13 16 1
10 12 3
9 10 3
17 21 1
22 23 2
15 18 2
21 1 2
23 1 5
15 20 1
8 12 4
9 12 3
9 12 3
4 6 3
4 5 2
10 13 2
20 22 4
23 3 3
15 19 4
10 11 2
15 19 5
18 22 4
9 11 3
9 12 2
16 20 2
11 15 2
13 16 3
23 3 5
12 14 4
23 4 3
8 11 5
20 0 5
9 11 5
20 22 5
21 23 5
22 0 1
5 9 2
18 20 1
3 5 2
2 8 3
14 17 3
18 21 1
2 6 3
15 17 2
16 19 3
9 12 3
18 21 5
0 3 3
16 18 4
6 11 5
2 5 2
7 10 2
11 14 1
6 8 1
9 13 2
20 0 4
23 2 5
9 10 4
16 18 4
8 10 2
11 14 5
19 20 5
9 12 4
22 2 3
7 10 1
2 5 5
18 21 1
1 6 3
2 6 2
17 21 5
2 5 4
18 19 4
0 3 3
12 15 5
18 21 5
8 12 3
0 3 3
1 4 1
10 14 3
19 22 1
23 2 1
22 2 5
12 15 3
5 8 3
23 1 5
0 3 1
14 19 4
3 7 2
17 19 3
13 16 2
15 18 2
5 9 2
14 16 4
16 17 4
5 8 5
2 7 3
9 12 5
23 2 1
21 23 4
21 1 1
11 14 3
3 6 1
15 17 3
0 3 1
14 17 4
20 23 1
19 23 4
4 9 3
1 6 2
11 15 2
14 18 5
6 9 5
7 9 3
21 23 4
16 19 3
6 10 1
21 23 5
1 5 4
0 2 5
11 16 2
22 1 4
9 13 5
16 20 3
23 1 4
6 7 5
14 18 2
6 7 4
3 5 3
17 21 5
22 1 1
10 13 1
18 19 2
16 17 5
22 2 3
1 5 2
23 0 2
23 2 2
2 5 2
1 3 4
12 17 1
15 18 1
14 18 3
10 12 2
13 16 5
20 0 4
0 4 5
5 10 5
6 8 5
17 19 2
2 5 2
19 21 4
8 12 5
15 17 2
22 1 4
5 7 2
18 21 4
4 6 1
5 8 4
5 7 3
7 10 2
8 11 4
6 7 2
21 1 4
19 22 3
22 1 2
4 7 1
22 2 2
23 1 4
23 3 4
9 14 3
3 6 1
2 4 5
20 22 4
3 4 5
5 10 3
1 5 4
11 16 4
23 1 5
11 13 2
16 18 5
12 16 1
15 18 5
16 17 2
7 8 4
2 5 1
21 23 2
0 4 5
17 20 4
20 23 2
2 5 2
8 11 1
20 22 4
0 4 5
23 1 5
18 20 5
20 23 5
13 16 4
10 13 1
3 5 3
9 11 4
9 11 4
16 19 2
12 15 2
16 20 5
13 17 1
13 14 4
11 14 3
7 10 1
5 8 4
8 9 3
9 12 3
5 8 5
18 21 1
23 1 1
19 22 4
1 4 1
9 12 3
10 15 1
5 8 1
18 20 5
2 4 2
6 8 4
16 19 4
12 15 1
8 12 5
7 9 3
6 10 4
18 20 4
2 3 4
16 18 4
23 2 2
12 16 5
0 1 4
14 16 3
11 13 1
7 9 4
12 15 5
18 22 4
17 20 3
14 16 2
3 5 4
12 16 5
0 4 2
19 23 5
4 7 2
22 23 1
5 9 5
6 8 3
19 23 3
10 12 3
6 10 4
9 12 3
22 2 2
2 5 5
9 11 1
19 21 4
2 5 2
15 19 4
12 15 4
9 13 4
18 20 3
17 20 1
8 11 1
17 22 2
16 19 4
20 21 1
18 22 1
4 6 2
12 16 5
18 20 4
8 12 3
12 15 2
3 4 5
1 4 2
18 21 4
22 1 3
22 2 4
9 13 4
10 14 4
12 16 3
16 18 4
5 7 3
13 17 2
9 12 3
18 21 2
8 12 1
8 12 1
6 10 2
17 19 2
11 14 5
9 12 1
7 8 1
2 5 3
20 23 4
5 9 4
10 12 1
6 8 1
9 12 3
22 0 3
6 9 2
6 9 1
8 9 2
8 11 4
9 13 1
10 11 4
0 1 1
16 17 5
1 5 5
23 2 1
10 12 3
6 8 1
2 4 2
4 7 4
4 7 1
12 17 3
20 22 1
18 21 3
1 3 2
23 3 1
19 22 4
10 11 4
15 18 5
2 6 5
4 7 3
5 9 4
17 19 3
10 14 3
2 6 5
5 9 1
8 11 4
2 4 5
15 19 2
20 0 1
22 2 1
12 15 2
13 15 4
6 10 1
20 1 1
15 20 3
10 12 2
17 21 2
18 20 3
11 15 2
11 12 3
13 16 2
15 18 3
12 16 1
12 13 5
13 16 3
6 9 4
6 10 1
6 10 3
4 6 3
2 6 1
16 18 2
9 13 3
21 1 2
8 11 3
5 7 5
4 7 5
5 9 5
15 19 3
23 2 2
3 6 1
14 17 5
20 0 2
12 15 4
20 21 5
4 6 3
7 11 4
22 2 4
0 2 3
0 4 1
12 14 5
2 5 2
16 21 1
0 3 2
16 17 2
4 7 5
14 17 5
2 4 4
14 17 2
8 11 1
20 21 5
4 7 4
1 6 5
9 12 5
13 16 2
1 3 1
4 6 4
9 13 1
20 0 4
1 2 1
14 17 4
19 22 4
6 9 3
2 5 4
7 9 2
11 14 5
23 2 5
8 12 2
14 17 5
7 10 4
20 0 4
10 12 3
5 9 3
7 9 2
4 7 5
0 4 4
7 10 3
7 9 4
23 2 2
15 16 1
13 15 4
15 15 3
11 12 1
0 4 3
23 1 3
19 22 4
15 18 5
14 17 5
15 20 1
0 3 1
23 2 4
15 18 1
14 17 5
0 5 5
22 2 4
18 21 4
6 8 1
12 14 4
17 21 4
3 7 5
4 7 3
23 4 5
6 8 1
13 16 3
19 23 1
11 14 3
17 20 1
17 18 2
20 0 5
20 23 2
14 16 4
22 1 4
11 14 1
16 21 2
0 4 3
2 4 3
8 11 4
0 4 1
3 6 1
23 1 2
1 2 3
4 7 3
14 17 2
15 17 5
20 23 4
14 17 3
5 8 3
10 11 4
13 17 5
16 20 5
21 0 5
16 20 3
21 23 5
20 23 5
2 2 1
20 23 1
23 2 4
3 5 2
21 2 4
7 11 5
3 6 3
7 8 1
6 9 5
2 4 1
19 21 4
21 23 2
