700 6
3 19 14 9 5 13 
7 12 2
21 23 5
11 13 3
1 5 4
4 8 1
11 15 5
12 14 3
23 5 4
7 10 4
21 0 4
0 4 6
9 12 5
9 12 3
0 3 6
12 14 2
7 11 1
22 0 4
14 16 2
9 13 3
9 13 6
10 15 5
10 13 1
16 17 4
17 21 5
3 5 1
17 20 5
15 19 5
8 10 5
15 18 3
10 13 4
12 14 4
23 3 4
15 18 5
17 18 5
20 23 3
5 6 5
8 11 4
23 3 5
20 22 4
18 22 1
8 9 5
2 5 5
8 11 3
13 17 6
11 14 5
3 6 6
13 15 3
16 18 5
7 11 5
5 8 3
8 10 2
17 20 6
6 10 2
2 4 1
1 4 5
11 14 4
2 6 1
5 9 5
9 12 3
9 12 1
20 0 1
17 20 6
5 8 6
21 1 6
14 17 5
5 9 5
1 3 5
0 2 6
7 9 5
23 2 4
10 12 1
14 14 1
22 0 5
3 5 1
4 8 1
19 21 4
23 3 5
23 2 2
4 6 4
1 4 1
15 17 1
19 23 6
7 11 2
6 9 6
8 11 1
12 15 2
3 7 6
6 9 6
17 19 4
5 10 4
15 20 2
20 23 1
0 4 5
7 10 1
5 8 2
11 14 5
16 18 2
21 0 2
7 10 4
5 8 1
9 12 4
10 13 4
22 2 5
6 9 6
13 15 2
10 12 1
3 6 5
6 10 1
18 22 4
7 10 3
17 20 1
14 17 1
21 1 6
6 9 6
23 3 6
18 20 3
22 2 3
7 10 2
4 8 5
0 4 4
17 20 5
14 18 2
19 23 4
21 1 3
17 21 2
16 17 2
12 15 1
17 21 6
0 3 4
17 21 5
10 13 3
13 16 2
23 2 1
17 19 6
7 11 1
8 10 6
14 18 6
4 8 5
0 2 5
22 1 3
13 16 6
0 4 1
14 16 4
8 10 5
23 3 2
3 7 4
6 7 2
23 1 6
11 13 3
10 12 3
17 20 1
21 23 1
23 2 1
19 22 1
9 12 4
4 7 5
15 18 2
0 3 2
12 14 5
19 21 4
22 1 3
0 2 6
1 5 6
16 20 6
22 2 1
5 7 6
14 17 6
12 16 1
0 1 1
23 1 1
1 5 1
8 11 4
19 23 1
23 2 1
6 9 2
9 14 5
6 11 6
0 5 5
17 20 2
7 9 2
21 1 3
13 16 6
21 0 2
22 2 1
15 17 2
13 16 6
20 0 4
9 13 5
9 13 5
3 7 4
21 0 3
6 9 5
21 22 3
19 21 6
0 3 6
13 16 1
10 12 5
23 1 5
14 17 2
14 17 4
23 2 2
11 14 6
23 2 1
4 9 3
15 18 5
17 20 6
17 21 4
18 22 5
5 7 2
6 8 1
20 0 1
21 0 4
0 2 5
18 23 2
2 4 6
9 12 5
3 6 5
18 22 2
13 14 1
7 10 5
1 3 4
5 8 4
21 1 4
12 15 6
11 15 4
22 23 6
9 10 6
23 3 3
13 15 1
2 6 5
20 0 2
15 16 1
9 11 3
14 18 6
7 12 2
21 1 1
15 19 3
3 5 4
23 2 6
23 0 2
15 18 6
4 8 5
14 18 3
8 12 3
14 16 2
23 2 1
12 16 6
10 15 4
16 18 2
8 10 4
13 16 2
21 23 6
9 12 4
21 0 2
20 23 5
12 15 3
7 10 3
18 22 5
12 15 4
16 18 4
0 3 6
6 9 4
2 3 5
13 14 1
22 1 2
1 6 1
22 1 3
9 12 5
2 5 4
11 14 1
0 1 3
5 9 5
1 3 2
10 12 2
1 4 2
20 21 5
2 5 3
6 8 6
2 6 5
4 8 1
17 18 4
1 4 2
4 5 6
0 4 5
3 4 6
18 21 5
3 5 1
19 21 5
14 18 3
19 21 3
0 2 3
10 12 1
9 12 2
14 18 6
5 9 4
7 11 4
1 3 3
3 6 5
12 14 2
3 5 2
4 8 3
1 4 5
21 1 4
11 14 3
9 13 4
10 13 2
23 2 1
22 1 2
2 4 6
7 9 5
16 18 2
9 10 1
2 4 4
15 18 3
6 8 3
1 4 5
11 15 5
10 14 4
5 7 5
11 14 1
6 8 6
21 0 2
18 21 5
9 13 5
22 0 2
0 5 5
23 1 5
13 16 5
21 0 2
5 10 6
10 15 5
22 1 2
1 6 4
0 2 4
20 23 4
6 10 1
21 1 6
12 15 6
19 18 6
19 23 3
5 8 2
13 15 6
2 6 5
15 18 6
14 15 2
11 16 4
7 11 1
7 9 6
18 19 1
20 23 3
7 10 1
21 23 2
18 19 4
19 0 1
18 20 3
19 22 6
10 13 1
0 4 6
16 20 2
5 7 1
21 0 4
21 1 3
0 3 3
20 22 5
14 18 6
5 8 4
4 7 3
10 11 6
3 6 6
3 7 3
19 22 1
14 16 4
23 3 3
8 11 4
10 11 1
20 23 4
12 15 2
14 18 1
17 18 3
15 18 6
3 6 1
4 7 5
14 17 6
8 11 1
9 12 6
18 21 2
20 22 4
6 8 5
3 4 2
20 23 3
3 4 4
10 14 1
18 21 4
13 16 4
4 8 4
4 6 6
4 6 2
6 11 4
17 19 2
15 17 3
3 5 2
4 7 4
3 7 5
11 15 3
11 14 6
7 12 3
20 23 6
3 6 5
15 17 5
22 1 4
21 1 4
15 18 6
6 9 6
12 15 2
3 6 3
7 10 4
6 10 6
21 23 3
9 12 3
16 21 3
20 23 6
17 20 4
4 8 4
15 18 3
11 13 3
15 19 5
10 11 3
23 2 6
1 5 2
8 12 4
20 0 2
9 13 2
3 6 4
0 4 3
11 15 1
16 18 2
4 6 1
6 9 6
15 18 4
7 11 4
10 13 6
13 17 4
20 22 1
17 18 6
15 19 3
1 4 3
11 14 4
11 14 4
18 21 5
11 16 3
14 17 3
16 19 1
0 5 1
21 1 1
22 1 5
6 8 2
1 5 6
12 14 4
16 21 5
8 10 2
16 20 4
19 22 1
8 9 1
15 18 5
20 22 5
20 22 5
14 16 6
22 1 4
16 18 3
15 19 3
2 5 6
12 14 2
0 3 2
18 20 4
7 10 5
1 4 1
16 19 5
6 8 2
19 0 2
17 19 5
7 11 4
17 21 5
18 21 3
14 17 1
0 3 3
22 1 1
5 8 1
3 7 1
2 7 1
10 12 4
20 23 1
1 5 2
9 12 5
20 23 6
14 17 5
22 2 4
19 22 3
2 5 2
6 7 6
17 20 3
4 7 2
20 23 5
12 14 3
16 18 1
2 4 3
8 12 1
17 18 1
10 14 4
19 22 4
13 15 1
22 1 5
22 1 2
17 21 2
17 19 5
20 22 4
19 22 2
4 7 1
9 14 2
19 21 5
19 22 1
2 4 6
10 12 6
14 18 2
22 2 5
21 23 3
8 10 3
1 4 1
21 0 3
8 13 2
12 15 6
1 6 5
6 11 5
9 12 6
15 17 4
18 20 1
13 17 4
9 11 3
17 20 1
17 19 3
14 17 6
13 15 3
22 0 6
5 7 2
21 1 6
11 13 4
15 18 6
0 2 3
9 13 5
23 2 5
2 6 2
21 23 4
12 17 5
22 0 5
22 2 3
23 0 6
5 7 4
8 11 6
0 4 3
15 18 4
14 17 1
17 18 3
6 8 1
0 0 5
15 18 3
4 6 5
6 8 6
19 23 3
20 0 6
21 22 2
3 7 4
21 1 6
4 6 1
7 10 4
20 0 4
23 2 2
16 20 5
11 14 5
23 1 3
16 18 6
5 8 6
16 19 3
4 8 2
12 16 5
2 7 5
14 16 3
7 9 1
7 10 6
12 15 2
10 13 1
15 17 2
19 21 6
9 13 1
3 5 6
4 7 2
7 11 3
4 9 4
5 6 3
11 15 2
17 19 6
5 8 6
4 7 3
21 0 1
16 16 1
3 6 3
21 0 3
9 10 3
15 16 1
12 14 5
12 15 2
17 21 6
0 3 3
22 1 4
18 20 4
4 5 4
7 9 2
3 7 4
12 12 4
7 9 4
1 3 1
13 16 5
21 0 3
5 7 4
3 6 2
22 23 2
2 4 5
18 21 2
18 22 3
23 0 3
5 10 6
18 22 1
3 7 3
1 4 2
10 14 4
18 19 4
1 6 6
7 9 5
7 11 6
14 15 6
8 11 5
16 19 3
20 1 4
16 19 4
8 12 1
17 20 3
23 3 5
8 11 6
14 19 3
10 13 4
12 15 6
20 23 4
0 3 1
8 12 1
0 2 1
10 12 1
14 17 3
6 9 6
7 9 2
23 2 6
8 12 4
0 3 4
23 3 5
15 18 3
14 17 5
23 3 4
1 4 4
16 18 5
11 16 4
22 2 4
12 14 3
14 17 1
17 22 4
23 2 3
21 0 2
23 2 6
10 13 1
23 3 2
8 12 3
1 5 2
3 4 4
14 18 2
14 17 4
11 13 1
6 11 5
4 8 5
7 11 6
3 5 4
19 23 4
19 22 4
21 1 2
0 2 4
2 5 1
4 6 2
21 2 1
4 7 5
2 4 3
17 21 2
17 22 1
21 21 1
4 6 6
21 1 3
