700 5
14 18 23 9 8 
0 4 1
13 16 2
21 1 4
13 16 4
19 22 1
6 9 5
8 11 1
5 8 5
17 19 5
5 6 5
8 12 3
16 20 4
1 3 3
12 15 1
11 13 5
11 14 4
17 18 5
0 2 3
0 2 1
8 11 1
14 16 3
19 22 1
19 20 5
23 1 2
11 13 3
15 18 3
21 23 1
17 21 5
5 8 3
10 15 5
16 21 1
17 21 5
11 13 1
17 20 1
23 4 3
3 5 5
8 11 2
18 20 3
0 3 4
4 8 2
9 12 4
9 12 3
4 6 2
7 8 1
8 9 3
18 22 5
6 9 4
1 5 2
7 10 1
21 22 1
7 8 1
2 4 3
7 11 1
23 0 3
18 23 3
15 18 3
2 4 1
8 12 3
11 14 2
8 10 3
3 7 1
0 3 3
4 9 1
12 16 4
7 9 1
10 13 5
4 6 4
14 15 5
2 5 5
5 10 1
10 12 3
20 23 5
0 4 1
2 3 3
8 11 2
15 19 4
5 8 1
18 23 4
16 20 4
13 17 4
13 18 1
14 17 4
23 2 2
21 23 1
5 7 5
1 4 4
7 11 4
20 22 4
15 18 1
15 17 5
10 11 1
14 16 2
13 18 2
7 8 2
4 8 5
4 7 5
12 15 1
17 20 4
17 20 3
6 10 5
2 6 2
3 8 1
8 12 5
7 12 4
17 21 3
3 7 3
18 22 1
2 5 2
2 6 5
4 7 3
12 14 3
11 15 3
4 8 2
6 9 1
20 23 3
17 20 3
2 4 5
0 3 1
21 0 5
21 0 2
12 15 1
1 4 4
18 20 4
22 3 5
12 15 3
20 23 3
14 15 3
10 14 4
22 1 2
23 3 5
12 15 5
9 12 3
11 12 4
11 16 2
19 23 4
19 22 3
5 8 1
5 6 4
16 18 1
4 7 1
6 8 5
9 14 2
9 10 5
9 13 3
17 20 3
21 23 4
10 13 3
9 11 4
8 10 5
17 20 1
21 23 5
23 2 5
9 11 3
5 7 2
23 1 3
22 0 5
9 12 1
14 17 2
20 23 3
21 23 4
15 18 5
7 10 1
8 12 3
9 12 1
18 20 2
5 8 1
13 14 3
23 2 3
19 23 4
17 20 5
10 13 4
7 8 5
16 20 1
9 13 2
16 19 5
13 16 3
20 23 2
10 14 1
22 0 4
17 20 2
18 19 1
21 0 1
23 2 4
15 20 5
18 21 5
9 11 2
7 10 4
7 10 5
7 10 2
12 14 3
6 10 4
12 15 2
12 14 2
18 21 5
3 5 1
20 22 2
16 20 5
17 19 2
11 14 5
19 22 1
20 0 1
22 2 4
13 16 3
18 22 1
14 17 4
12 16 1
23 1 5
10 12 2
22 1 5
13 15 4
15 19 5
16 17 4
12 15 5
9 12 5
0 2 4
23 1 4
3 6 2
23 2 1
4 7 3
8 10 3
17 19 3
21 0 1
23 3 4
20 23 5
20 0 1
6 10 4
23 3 3
5 9 5
20 2 5
5 9 4
18 23 3
11 13 5
10 12 4
0 1 3
2 5 5
2 6 5
10 13 1
8 11 3
18 20 4
14 17 5
20 22 1
21 0 4
7 9 4
21 0 2
11 13 4
16 19 4
18 18 1
12 14 2
10 13 5
20 23 5
12 13 2
13 15 3
20 0 2
21 0 3
7 11 5
2 4 2
22 1 3
3 5 5
20 23 4
2 6 2
21 0 2
23 1 2
5 8 1
6 10 1
11 14 3
17 21 1
15 19 1
9 12 4
13 18 4
21 23 1
21 0 3
19 20 3
15 18 5
2 4 2
19 20 4
19 22 4
5 10 3
10 13 2
4 6 4
1 4 1
17 20 4
14 17 1
21 23 4
18 21 2
19 0 4
14 16 1
0 4 5
1 4 3
6 11 4
22 23 4
19 21 3
13 15 1
23 2 2
3 5 2
6 8 2
18 20 2
19 22 2
23 3 1
17 18 5
2 4 4
10 13 4
21 1 3
5 8 2
11 14 5
14 17 1
11 14 5
14 16 1
0 3 4
5 9 2
19 21 1
16 19 1
4 7 2
11 16 2
5 6 2
20 22 1
3 6 5
17 20 2
22 23 2
12 14 4
10 14 2
14 18 1
13 16 3
15 19 2
16 19 3
5 8 3
21 1 1
7 10 4
14 20 2
21 1 1
13 15 1
7 10 2
11 14 3
23 3 2
1 2 5
7 11 4
19 23 4
3 6 1
3 8 5
15 18 5
15 18 5
9 12 4
5 7 1
20 22 5
8 10 4
22 2 2
5 7 4
17 20 3
23 3 2
6 8 5
11 15 5
5 9 5
12 13 2
15 20 1
5 7 3
14 17 5
17 20 5
22 1 4
19 0 3
9 10 3
20 22 1
3 7 2
19 22 2
9 12 2
23 0 5
22 1 5
7 12 5
10 13 5
5 6 2
3 7 5
11 13 2
0 2 5
10 12 1
8 12 5
20 0 3
23 1 4
15 20 2
5 8 4
3 5 3
9 12 3
20 23 4
11 15 3
6 10 4
22 1 1
3 6 5
9 11 1
1 3 4
9 12 5
22 2 3
15 19 1
0 2 4
21 23 4
16 19 4
12 16 1
22 2 3
18 21 4
7 9 4
3 5 4
13 17 5
12 15 2
23 1 2
2 4 4
9 12 5
11 14 1
11 14 4
19 22 3
20 0 3
20 23 2
11 14 5
21 2 1
1 5 4
17 21 1
16 17 3
22 1 1
11 14 5
8 10 2
10 15 1
5 8 3
14 15 2
7 9 5
3 6 4
1 4 2
20 23 5
6 8 2
15 18 1
0 2 2
11 13 3
21 1 1
1 5 4
0 2 4
6 11 5
12 14 5
19 23 3
9 13 3
15 19 4
19 0 5
18 21 5
16 19 2
19 21 3
12 14 5
0 4 3
0 2 2
14 18 4
3 6 5
7 10 1
15 17 5
22 3 4
17 18 4
11 15 3
1 4 4
11 15 1
13 15 4
17 21 1
5 8 2
7 9 1
23 3 3
22 0 4
0 4 2
18 22 1
18 22 5
15 18 3
10 12 4
3 7 1
15 19 1
2 4 2
18 21 2
22 1 4
4 7 4
7 9 1
0 3 2
13 16 1
0 3 1
17 19 4
11 15 5
13 14 1
6 9 5
8 11 2
15 17 1
18 22 2
10 11 4
15 16 1
2 4 1
5 8 5
0 2 2
12 14 1
20 0 3
12 16 5
22 0 2
10 12 5
22 0 4
0 2 3
0 3 3
11 14 4
22 0 4
10 12 1
8 13 5
21 23 4
8 11 1
0 2 5
8 10 5
5 7 2
9 11 5
23 2 1
18 20 2
15 18 3
21 1 5
15 17 4
12 16 4
9 11 3
0 4 1
2 5 1
10 13 2
9 11 5
5 8 2
10 11 1
0 3 4
2 6 1
18 20 3
5 9 4
3 5 4
21 23 2
1 6 5
12 15 4
22 1 5
2 5 1
16 20 1
15 18 3
4 6 2
1 5 4
18 20 4
11 13 5
1 4 4
6 11 3
3 6 4
3 6 4
7 10 4
19 22 4
7 12 2
9 11 3
13 17 5
14 18 4
7 11 4
16 20 3
14 17 4
10 13 4
9 11 3
15 19 3
7 11 2
7 9 1
8 11 1
13 16 3
8 12 4
5 8 3
12 16 1
2 6 3
16 17 1
17 19 2
6 10 3
21 1 4
17 21 2
2 9 4
21 22 4
6 8 4
3 7 5
22 2 3
1 4 5
4 7 3
8 11 5
14 17 1
8 12 3
13 15 3
12 14 5
13 16 4
3 8 5
2 5 5
21 0 4
2 6 5
11 17 1
11 12 2
11 16 4
16 19 5
19 22 5
17 22 4
6 10 4
6 10 5
11 13 4
13 16 1
13 15 5
16 19 5
12 17 5
6 10 4
23 2 1
10 13 4
6 9 4
8 11 2
22 0 2
16 20 2
6 10 1
6 8 5
3 5 2
16 21 5
21 2 4
20 22 3
22 2 2
20 1 2
13 15 2
17 19 5
20 23 4
1 4 2
13 18 1
21 0 4
5 7 4
5 10 5
16 20 5
6 8 1
17 19 5
12 15 4
10 12 4
10 14 5
8 11 4
16 19 3
18 19 2
17 21 1
19 22 2
14 17 5
18 20 3
3 4 3
9 12 4
10 14 3
10 11 1
16 18 4
10 14 1
20 20 4
8 12 3
7 9 5
0 4 2
3 7 1
13 16 1
21 1 2
22 1 2
12 14 1
5 6 2
0 4 1
22 2 1
14 16 2
4 8 4
7 11 1
23 2 5
2 4 4
16 21 1
0 4 5
23 3 3
2 5 4
19 22 1
10 13 1
1 4 2
11 14 5
4 7 4
10 13 2
19 21 4
23 0 3
13 18 3
6 12 3
1 4 5
5 9 4
5 7 3
4 6 5
23 0 3
8 12 1
2 4 1
19 22 3
0 4 3
10 13 2
22 1 4
7 10 1
10 13 3
19 22 5
7 9 2
19 22 5
12 15 5
17 20 2
13 16 1
12 14 2
0 3 5
10 14 3
9 12 2
1 5 4
21 0 1
13 16 3
4 7 1
1 4 5
3 6 3
7 10 5
7 10 3
7 9 2
17 20 3
2 6 5
20 22 4
9 11 4
3 6 4
19 22 4
