800 5
11 16 23 3 11 
21 23 3
21 0 3
20 0 5
22 2 3
9 13 3
0 5 2
7 11 2
16 19 3
18 22 1
2 6 3
23 1 2
21 0 3
5 7 3
15 18 1
20 21 3
22 0 1
17 21 4
14 19 4
11 13 2
16 19 5
3 7 4
17 18 1
10 13 1
3 6 1
19 23 2
10 12 2
22 0 1
14 16 4
15 18 3
18 21 5
17 19 2
18 21 3
17 20 2
12 15 4
18 20 3
19 21 2
3 5 4
7 10 2
10 13 5
19 21 5
5 8 5
3 5 2
10 14 2
22 1 5
18 23 1
13 16 5
0 4 1
15 19 3
10 13 4
6 8 2
9 11 4
23 1 3
1 5 1
22 0 5
2 5 4
18 21 4
12 15 5
5 8 5
8 12 1
5 8 2
5 8 2
16 17 4
18 21 2
12 14 4
17 19 1
8 11 5
4 5 4
8 12 2
11 14 5
3 5 3
16 17 5
12 13 5
9 12 4
7 10 2
14 17 5
2 4 5
12 14 3
15 18 5
11 15 3
23 2 4
21 0 4
1 4 3
0 4 1
7 12 3
9 12 5
21 23 2
21 2 3
23 3 2
6 9 4
23 1 4
15 17 1
11 13 5
6 10 1
0 3 3
11 14 4
14 18 3
21 1 2
16 18 5
4 8 2
22 1 1
8 12 4
23 2 3
18 21 1
0 4 2
15 17 3
8 11 4
9 13 2
13 15 2
4 8 1
12 15 1
6 8 3
12 13 1
21 23 4
12 15 2
1 4 4
1 4 3
22 0 2
11 13 2
1 5 5
19 22 5
2 6 1
3 6 1
4 6 1
21 23 2
7 11 5
7 10 1
12 15 5
4 7 4
18 22 3
18 22 3
3 6 1
4 6 4
0 3 3
19 22 1
18 21 5
20 23 5
3 5 4
15 17 1
4 6 2
22 1 4
22 2 5
23 1 1
17 21 4
12 14 3
14 17 3
22 0 4
22 0 5
11 13 1
18 20 4
21 0 2
21 0 3
19 21 3
14 18 3
15 18 5
21 0 2
6 8 3
10 11 5
6 8 1
23 1 4
6 10 4
3 7 1
1 5 1
5 7 1
3 5 4
4 6 2
3 6 5
9 9 5
7 10 1
19 22 5
11 13 1
2 6 3
5 7 5
19 21 3
14 18 4
15 19 3
6 8 2
1 5 3
8 12 3
9 11 4
21 23 2
6 10 1
10 11 5
14 17 1
6 9 4
0 2 2
2 6 5
3 6 1
11 14 4
0 4 3
6 10 1
11 14 3
14 15 5
2 6 1
15 17 4
10 13 2
18 20 2
9 12 2
21 1 4
5 9 2
10 14 2
10 14 1
2 6 2
12 15 4
23 1 3
0 3 3
6 9 5
12 15 4
9 11 3
23 3 3
1 5 3
9 11 1
10 14 1
9 12 2
23 1 5
7 10 3
1 3 4
18 22 3
20 0 1
23 1 3
13 16 3
13 15 1
2 3 5
8 12 2
5 8 3
6 10 2
3 5 5
17 21 5
1 5 1
17 20 5
6 8 5
5 6 2
11 14 3
15 17 3
15 19 1
22 1 3
1 4 5
11 15 5
2 3 2
10 12 4
1 3 4
2 5 4
17 19 5
8 11 5
16 20 4
21 2 4
12 15 5
8 13 4
16 18 4
0 2 3
8 10 2
2 4 2
8 11 3
8 12 2
17 20 3
18 20 3
17 17 1
5 8 5
17 20 4
18 20 3
16 20 2
12 14 4
9 11 1
11 15 5
3 6 3
0 4 4
16 19 3
2 4 1
14 17 4
14 17 4
12 13 1
22 1 5
14 17 1
15 18 5
6 9 3
13 16 3
9 12 3
17 21 5
16 19 4
3 6 2
10 12 5
22 1 2
17 19 1
21 2 2
9 13 4
12 15 5
6 9 2
15 15 3
11 14 3
18 20 2
14 18 1
9 11 2
17 20 4
23 1 5
2 7 4
17 21 5
4 7 1
14 18 4
9 11 1
7 10 5
7 11 5
23 4 5
7 9 2
9 12 4
5 8 3
8 11 3
20 23 4
11 16 5
12 15 2
3 6 3
15 19 3
18 21 2
19 22 1
0 3 4
19 22 5
4 6 4
14 16 4
15 20 1
1 4 4
16 19 3
17 21 3
16 19 3
9 13 3
13 16 3
9 12 5
2 6 5
21 2 2
15 20 3
13 15 1
23 2 2
17 20 5
11 13 4
22 1 5
8 9 4
23 1 4
16 19 1
13 14 3
0 2 5
13 15 2
3 5 5
8 11 5
21 23 5
15 17 5
0 2 5
2 6 4
16 19 4
3 8 5
15 17 3
17 20 1
1 5 2
23 3 3
9 11 3
17 21 3
1 5 4
8 12 3
8 10 2
5 7 3
12 16 4
20 0 1
15 18 2
22 1 2
16 19 4
15 16 2
23 1 4
2 4 4
12 14 2
6 9 4
14 17 3
12 15 3
17 21 5
16 19 2
18 23 1
3 6 5
9 12 1
7 11 5
20 22 4
13 17 4
1 5 2
16 20 3
22 1 1
6 9 4
23 1 2
6 9 1
11 14 2
17 18 2
3 5 2
10 14 5
22 1 1
14 17 2
20 0 2
21 2 4
12 16 5
18 21 2
9 12 4
0 4 4
20 0 1
1 4 3
9 12 4
10 12 2
11 13 4
9 11 2
18 23 5
13 17 2
23 0 3
3 7 2
11 14 3
22 1 3
3 7 4
22 0 2
0 3 3
19 22 4
6 8 1
9 11 1
15 19 1
16 18 2
6 9 2
16 18 4
22 3 2
17 21 3
8 13 3
11 14 2
23 2 4
12 15 2
23 2 4
17 18 3
11 13 5
2 4 5
17 20 2
8 12 3
17 18 4
5 5 4
3 6 1
20 22 1
13 16 2
23 2 1
11 16 3
22 1 3
18 21 5
0 4 2
5 7 4
5 7 3
21 23 3
16 21 3
19 23 3
14 19 4
20 23 1
18 23 4
16 17 1
20 0 4
17 21 1
6 7 2
18 21 1
0 3 1
11 16 5
16 20 4
4 8 5
3 6 5
5 7 2
15 19 3
21 22 5
13 16 5
19 22 1
3 5 2
5 8 3
13 18 2
10 13 5
4 7 2
18 23 4
16 20 3
0 5 3
9 12 5
21 0 2
10 12 1
6 10 3
18 21 1
12 14 3
3 6 5
11 14 2
17 20 2
6 9 4
0 3 1
14 17 3
23 3 5
11 12 4
20 0 4
17 19 2
23 3 4
20 23 2
3 5 4
17 21 3
11 12 2
5 9 4
9 12 2
18 20 4
0 2 1
16 19 4
17 18 3
20 1 1
21 0 1
12 15 3
4 8 4
22 0 1
11 14 1
20 0 2
17 23 4
16 19 2
3 5 2
1 1 2
23 1 5
15 18 4
2 7 5
20 23 4
12 15 4
3 5 2
14 18 4
15 17 5
22 2 4
21 0 4
7 9 4
18 19 1
23 1 4
1 6 2
12 17 1
16 18 1
0 3 5
17 19 3
1 4 1
15 19 1
13 14 1
0 2 3
16 18 1
6 7 4
1 4 2
1 4 1
0 3 2
19 22 5
17 21 5
12 15 4
2 5 5
7 10 1
7 11 3
14 19 5
21 23 2
21 22 4
9 11 3
10 13 1
0 3 4
19 20 4
3 5 5
8 13 3
15 19 4
5 7 4
6 9 5
16 19 2
21 0 1
11 16 2
7 9 3
20 23 5
9 13 4
7 10 2
18 21 2
8 13 1
9 12 1
16 18 5
16 21 4
5 7 5
23 2 3
15 19 2
14 18 5
15 16 5
15 19 1
11 15 5
2 4 3
14 15 3
20 22 5
16 20 1
9 12 5
16 18 2
3 5 1
9 10 4
16 18 3
14 16 5
23 3 4
6 7 4
1 4 1
11 15 3
1 5 2
17 20 1
23 0 2
7 11 4
23 2 1
2 5 5
7 11 4
20 0 1
7 12 3
12 15 4
7 8 4
6 8 3
11 15 3
5 8 1
16 20 5
20 21 5
21 23 5
22 2 5
14 17 1
9 11 1
10 11 5
4 9 1
6 8 1
17 20 2
9 11 2
20 22 2
22 1 2
3 6 1
1 4 2
3 5 5
7 11 4
1 3 4
4 6 2
11 13 3
6 7 5
15 18 2
23 2 5
9 13 2
2 4 2
20 22 4
15 17 2
3 4 2
2 6 2
2 5 5
0 4 4
14 17 3
11 13 1
15 19 3
20 0 2
6 8 5
21 0 4
22 0 1
7 11 5
9 12 1
20 23 3
8 10 3
20 22 3
20 22 5
0 4 5
7 11 5
15 18 5
3 7 2
20 22 4
1 4 1
5 7 1
9 12 2
2 4 3
11 15 4
21 0 1
11 15 4
1 3 2
5 7 3
5 8 5
0 2 5
3 6 5
4 7 2
5 7 3
13 16 5
20 1 5
23 1 4
6 8 2
13 16 4
7 9 4
16 17 2
13 16 5
21 1 1
7 9 5
14 15 2
10 12 4
10 13 5
19 22 1
9 13 2
14 18 2
16 19 2
0 4 4
2 3 5
8 11 4
18 21 4
7 10 1
13 15 5
3 8 2
10 12 2
13 17 3
4 7 5
8 10 5
10 12 2
21 1 2
12 17 1
13 16 3
3 6 5
19 20 5
16 20 2
21 22 2
6 10 3
22 1 2
14 18 5
22 23 2
16 20 4
7 11 1
11 13 2
4 7 2
15 18 3
14 17 3
19 21 4
16 20 1
19 23 5
23 2 3
17 21 1
7 10 4
21 1 2
1 4 2
9 11 1
12 15 2
6 8 1
2 5 3
14 16 5
20 22 4
23 2 2
7 9 3
6 10 2
7 10 2
15 18 4
5 8 3
7 11 2
13 17 3
14 15 4
20 0 2
18 22 4
21 22 1
1 5 4
0 2 2
10 13 3
17 21 3
2 5 2
16 19 2
7 10 1
12 14 3
5 7 5
18 22 5
18 19 2
19 22 3
19 23 4
1 5 2
9 12 3
14 17 5
4 9 1
23 2 5
18 21 2
9 13 5
5 7 1
23 2 5
17 20 2
10 13 1
16 19 2
19 21 5
14 17 4
18 22 3
20 21 1
0 4 5
2 7 2
7 11 3
13 17 5
19 21 5
2 4 5
15 19 2
3 8 5
14 17 4
19 21 5
5 8 4
13 15 4
7 9 4
2 4 1
2 6 5
18 21 3
2 5 4
18 21 3
15 16 4
22 0 2
8 12 2
1 3 1
0 4 1
21 0 4
16 19 1
23 2 4
6 9 3
3 5 5
23 1 3
19 22 1
7 10 5
22 1 3
4 7 2
16 19 1
11 13 2
7 10 3
23 3 5
