800 6
4 17 22 17 4 15 
12 13 4
9 11 6
0 2 6
5 7 4
11 14 4
22 1 5
18 22 5
20 23 6
19 22 3
22 0 3
13 17 1
12 14 4
19 21 6
11 16 6
20 0 1
6 9 3
21 0 5
11 14 5
0 3 3
1 4 2
3 8 1
17 21 5
10 14 3
16 19 2
21 0 2
15 19 1
15 19 6
10 13 5
18 20 4
14 17 1
5 7 6
21 23 4
13 18 2
1 4 3
14 18 3
3 8 3
17 23 1
10 14 5
19 23 6
15 19 3
12 16 6
6 9 4
18 22 3
5 8 3
23 2 5
0 4 6
18 21 5
4 9 1
4 8 1
4 8 6
6 10 2
1 3 2
13 17 2
6 9 6
16 18 1
5 10 1
15 20 2
11 14 3
18 22 1
2 5 3
3 5 2
16 18 6
9 12 3
17 19 2
13 17 3
1 5 1
1 5 6
16 19 4
18 21 3
8 11 5
15 19 3
23 1 2
21 1 6
3 5 4
7 10 6
1 4 2
15 18 6
22 1 2
0 4 5
10 14 5
8 10 1
4 8 3
2 5 1
9 13 5
4 8 5
11 15 6
3 6 4
3 7 5
16 18 3
6 7 6
5 7 5
15 17 3
4 8 2
13 13 1
8 9 3
5 8 2
0 5 5
23 1 4
9 14 6
13 17 3
3 6 1
19 22 1
7 9 5
1 3 1
9 13 4
9 12 2
18 22 2
8 11 4
9 12 2
7 8 5
9 12 5
18 21 1
20 22 1
2 6 3
0 2 5
18 21 6
11 15 4
17 22 2
4 6 1
12 14 1
6 11 5
11 13 6
21 23 6
20 22 1
11 14 4
23 1 1
21 1 6
22 2 4
4 8 6
21 23 6
23 3 5
0 3 6
8 11 1
11 14 3
4 8 3
13 16 2
13 16 1
14 16 1
23 3 4
15 18 5
8 11 2
4 7 5
13 17 6
20 0 6
4 7 3
13 16 6
6 8 6
22 1 4
19 21 4
23 2 5
5 8 4
1 3 3
22 1 1
10 13 6
18 20 6
22 1 4
9 11 6
4 7 1
12 15 1
21 1 5
15 18 1
23 2 4
22 2 6
12 15 5
2 5 1
1 4 2
18 19 4
21 23 4
21 23 4
7 11 5
18 20 5
7 9 6
12 16 2
8 10 5
19 22 2
9 12 4
6 9 6
0 4 3
4 7 6
6 9 2
21 0 5
16 20 6
0 3 6
6 10 2
9 12 5
15 18 2
14 15 2
6 9 5
4 7 5
8 11 4
22 2 2
23 1 5
4 7 4
2 5 4
4 7 5
2 5 1
20 23 3
14 17 1
10 14 1
12 15 5
14 17 5
0 3 4
5 6 1
6 10 6
13 16 4
4 6 5
11 14 6
7 11 5
13 17 6
12 16 4
20 23 1
16 18 3
15 18 4
0 3 1
6 9 5
8 11 5
20 21 5
4 9 2
16 18 1
7 9 2
14 15 6
20 23 2
21 0 2
8 10 2
3 7 6
9 13 5
19 23 3
3 5 5
3 6 5
13 16 3
13 18 2
9 13 4
14 17 2
23 4 6
11 14 3
11 13 4
21 0 4
2 6 5
22 0 2
3 5 3
22 2 5
23 2 3
7 12 1
0 3 1
9 12 4
17 21 3
22 2 2
22 22 1
5 8 4
11 15 1
6 9 2
0 3 6
10 12 4
13 18 6
8 12 4
2 4 3
8 9 4
3 7 3
8 11 5
19 21 1
8 10 2
20 0 6
11 14 2
5 8 4
6 8 4
3 7 6
18 21 6
13 16 2
19 22 1
19 21 6
15 19 6
21 22 2
4 6 1
9 11 3
4 7 5
21 2 5
12 15 2
16 18 5
0 5 2
16 18 5
17 20 2
16 20 3
22 2 3
23 2 6
21 0 4
7 10 6
6 9 4
22 0 4
21 0 1
20 23 2
18 21 1
16 18 2
3 8 1
4 8 4
13 17 2
10 13 3
3 5 6
22 23 2
16 20 6
17 21 6
11 11 3
21 0 1
4 7 4
12 14 1
22 2 4
19 22 5
2 7 2
6 9 4
22 2 6
2 4 4
12 15 3
0 4 1
13 18 6
5 10 5
8 12 3
2 5 3
7 9 2
19 23 2
12 14 3
12 14 4
9 13 4
10 14 3
23 2 3
18 20 3
20 1 6
1 6 6
21 0 5
22 2 6
17 20 4
7 10 1
18 21 3
21 1 2
4 10 5
20 2 5
2 3 4
15 17 2
14 16 3
3 6 1
2 6 4
5 7 5
15 19 2
1 6 5
19 22 3
19 23 5
12 16 4
11 15 2
7 11 4
14 16 5
14 17 3
2 5 2
20 23 6
23 1 5
4 7 5
13 18 4
8 11 4
9 12 3
4 7 5
11 13 5
22 1 1
12 16 6
13 15 3
19 23 3
10 12 4
0 2 4
6 8 3
17 17 2
5 8 2
9 12 2
5 8 5
7 11 3
17 18 4
9 11 2
23 2 1
4 9 1
19 21 2
21 0 4
6 5 3
19 21 6
0 3 6
8 11 3
5 10 4
1 5 1
5 8 4
3 7 6
3 5 4
17 21 5
17 20 3
14 18 6
2 4 3
23 0 4
4 5 4
16 19 2
20 23 6
15 18 2
4 9 3
8 10 3
0 5 3
8 11 4
14 19 1
7 10 2
21 23 6
23 2 2
17 19 2
0 4 2
11 13 1
15 18 4
13 15 6
6 10 3
15 19 4
5 8 3
20 22 4
9 11 3
21 0 3
14 17 4
12 16 2
19 22 1
1 3 3
16 17 1
23 2 4
5 8 5
21 21 5
17 20 5
20 22 2
6 9 5
23 3 6
10 12 6
16 20 6
0 4 2
20 1 3
1 2 2
22 1 6
0 3 5
5 7 5
11 13 4
18 20 5
22 1 1
6 9 5
5 10 5
9 12 2
4 6 6
22 0 1
5 8 6
5 9 2
11 13 6
21 0 1
1 4 3
12 16 3
5 10 2
6 7 3
8 11 6
8 13 1
9 12 1
8 12 2
12 14 1
15 18 1
10 13 6
10 15 4
7 9 3
14 17 6
20 0 1
5 8 4
13 16 2
23 3 1
1 3 1
19 23 1
13 16 4
4 9 3
7 13 3
2 4 3
10 15 1
16 18 1
14 18 6
8 12 3
8 11 3
20 23 6
7 11 6
10 12 5
14 18 3
22 1 5
17 21 5
17 19 3
4 6 6
19 23 2
19 22 4
5 7 4
19 21 2
5 8 3
4 6 4
11 13 2
21 0 2
18 22 3
23 0 5
3 7 1
6 10 3
18 20 3
1 4 6
8 9 6
21 0 2
21 1 5
6 7 3
13 16 6
19 21 1
23 1 2
1 4 5
19 22 1
17 21 2
0 3 4
20 23 6
15 17 3
14 17 1
8 11 5
18 22 3
4 6 6
17 19 6
16 17 4
12 15 1
10 12 5
23 3 4
23 2 1
13 17 3
11 13 2
18 21 5
20 0 4
13 16 1
6 9 1
1 2 1
11 14 6
4 8 1
18 21 5
4 7 5
0 4 3
9 12 2
2 4 5
7 9 1
6 9 6
0 3 5
20 23 1
12 15 5
1 5 3
0 3 6
15 19 3
5 9 2
3 6 2
20 22 4
4 7 3
18 21 3
22 2 4
16 19 3
0 5 4
17 19 4
22 0 4
8 11 2
2 6 1
4 6 4
22 23 5
22 0 5
4 7 3
16 19 3
19 23 5
17 22 2
7 10 1
19 21 1
8 13 5
20 23 3
19 21 1
10 15 4
23 2 1
12 14 1
18 21 2
9 13 6
21 23 4
18 22 3
14 17 6
3 6 1
23 1 3
3 2 5
1 5 4
9 12 1
17 21 4
14 15 2
21 2 5
7 8 4
16 21 3
21 0 1
9 13 6
0 3 5
1 4 1
8 12 1
10 13 6
17 20 4
23 1 5
6 9 3
8 11 4
9 13 2
6 8 3
19 23 2
19 21 1
10 13 5
11 15 3
7 11 1
1 3 6
17 20 6
0 3 1
5 9 5
19 23 4
19 22 5
20 23 1
21 0 5
17 21 5
1 3 1
2 5 5
2 5 1
12 14 6
1 2 1
16 20 4
14 16 2
11 14 5
10 12 1
3 6 1
15 19 6
15 18 3
22 3 1
19 22 6
18 20 6
13 16 4
13 16 2
14 17 5
20 23 1
21 0 3
16 18 3
8 12 2
7 11 5
11 15 6
1 4 1
16 19 2
14 18 6
22 22 2
15 18 5
21 0 4
0 4 1
5 8 3
16 20 1
22 2 4
6 9 6
10 13 3
18 21 4
21 0 1
20 0 2
9 13 4
17 19 6
15 17 4
6 10 5
13 15 1
23 2 5
5 7 3
22 23 4
15 19 1
7 10 2
6 10 5
6 8 6
1 3 3
0 1 2
2 4 2
22 2 2
9 13 4
13 15 4
4 6 3
19 22 2
23 2 3
3 6 2
15 20 3
7 10 3
14 16 2
4 8 2
5 7 5
16 19 1
16 18 1
13 17 2
3 7 5
11 14 4
12 14 1
17 20 1
2 5 4
18 21 4
22 1 4
19 23 6
18 21 5
19 21 6
12 15 2
12 15 4
6 9 5
21 1 6
12 15 1
23 0 5
19 22 3
6 10 6
11 14 3
8 12 5
4 7 6
12 17 1
14 17 3
7 11 2
19 22 4
12 15 1
15 19 6
13 16 2
21 2 5
3 6 5
16 19 1
5 8 1
5 7 2
11 14 4
21 1 6
7 9 6
10 13 5
17 19 2
6 11 4
22 1 6
7 9 2
1 4 6
4 6 6
22 2 2
9 12 6
5 8 1
12 14 4
0 3 5
9 12 2
22 0 1
1 2 1
17 21 5
0 3 4
0 4 4
18 20 2
0 3 4
21 1 1
2 4 5
13 16 2
18 22 5
13 17 2
11 15 6
0 2 1
4 7 5
2 6 3
22 0 2
9 12 1
0 3 3
11 13 3
7 10 4
20 1 1
0 4 6
10 12 6
20 0 6
11 14 3
22 2 1
12 16 2
0 3 5
12 15 5
1 4 1
9 12 5
13 15 4
1 5 6
23 1 6
19 23 4
9 11 2
19 22 2
12 15 4
17 21 6
12 15 5
4 7 2
16 20 6
8 10 1
7 10 1
13 16 5
7 10 1
7 9 3
12 15 3
13 13 5
19 22 6
2 6 6
8 11 1
6 8 3
10 11 5
4 8 2
13 15 1
22 0 6
23 3 1
22 1 3
5 9 6
21 23 3
16 21 3
6 9 5
23 2 4
0 2 1
11 15 6
12 16 6
8 12 5
8 9 5
12 16 4
14 17 6
5 9 5
