900 4
24 23 11 17 
12 16 1
4 8 2
12 15 3
23 2 2
9 12 3
19 23 1
3 6 3
7 10 4
22 1 4
6 9 2
0 3 1
4 9 3
10 13 3
16 19 1
10 13 2
7 10 1
2 5 4
6 10 3
10 14 1
18 21 2
18 22 3
16 19 2
14 17 1
1 4 2
10 14 1
8 11 4
1 5 1
11 14 1
5 8 2
6 11 1
0 1 3
14 16 1
10 15 1
15 17 1
22 0 1
3 7 3
7 8 2
7 11 4
17 20 1
14 16 4
5 9 1
17 20 1
20 0 4
11 13 1
19 23 1
2 6 4
19 22 1
9 11 1
17 20 2
2 4 1
15 19 3
14 17 2
13 16 2
0 5 2
10 13 4
8 11 4
16 19 3
17 21 1
15 17 3
13 18 4
18 20 1
5 8 1
8 11 1
8 12 4
11 13 3
12 15 4
22 2 2
1 5 3
9 13 3
9 13 2
0 5 4
13 17 4
12 13 4
2 5 4
15 19 1
2 5 3
13 17 4
9 12 3
19 22 1
23 2 3
20 22 2
6 10 2
13 17 4
6 9 4
10 13 4
11 14 4
10 14 4
10 13 2
16 20 1
10 13 1
5 8 3
13 16 3
12 16 1
5 7 3
17 18 4
23 1 3
7 9 2
4 7 3
1 4 1
14 16 4
6 8 4
16 20 1
22 1 2
0 4 1
16 19 1
22 1 4
23 4 4
10 13 4
10 12 2
11 12 2
4 6 2
19 21 1
19 22 1
1 4 3
9 11 4
21 1 4
15 19 3
5 8 4
17 19 1
13 15 4
0 3 3
7 11 2
10 12 3
15 19 3
9 10 3
20 0 2
17 19 4
7 11 4
3 7 1
14 17 4
11 15 4
11 14 4
8 11 4
15 19 2
15 18 4
11 14 2
4 8 2
11 13 4
10 15 3
15 18 2
6 7 3
3 5 1
5 6 4
13 17 2
20 22 1
18 21 4
9 12 4
12 15 2
8 10 3
14 17 4
13 16 1
4 7 3
4 6 3
6 9 3
17 21 3
7 10 3
21 1 4
1 4 2
9 13 1
2 5 2
2 4 3
19 22 1
11 16 4
9 12 1
18 20 3
7 9 2
1 5 2
9 11 3
4 7 2
1 5 4
5 7 1
0 3 2
8 10 3
18 20 4
13 15 1
0 3 1
7 12 3
14 17 4
18 20 4
6 7 1
10 13 4
22 1 4
19 21 3
0 5 1
18 20 1
14 17 1
10 15 1
20 22 2
18 20 4
20 0 1
9 11 1
6 9 4
15 17 2
21 22 4
20 0 2
0 4 1
10 10 2
1 3 4
20 21 4
7 10 1
3 4 3
14 16 1
8 10 2
15 17 3
4 7 1
18 21 2
10 14 2
4 7 4
0 4 3
5 9 4
20 23 2
15 19 4
5 8 1
23 3 1
1 4 4
20 21 3
11 16 4
22 1 2
17 21 3
16 19 1
3 7 1
20 23 4
1 4 4
17 20 1
21 22 2
22 1 3
5 9 2
4 7 2
16 21 4
23 1 1
0 1 1
20 23 1
11 13 1
2 3 3
14 17 1
19 21 3
8 13 2
4 7 4
6 7 4
17 19 2
11 15 4
3 6 1
22 1 2
22 1 4
21 23 1
5 6 1
13 16 4
19 23 2
13 17 4
9 12 2
19 23 3
0 2 1
5 7 3
10 14 2
19 22 3
5 8 2
5 8 4
6 10 3
18 20 4
22 0 3
7 10 4
17 19 3
14 16 1
21 1 2
21 0 4
16 21 2
22 0 3
8 10 1
10 13 3
3 6 4
4 7 1
18 20 2
1 4 3
18 22 2
14 16 2
22 2 1
12 15 3
3 8 2
11 14 2
9 11 3
0 3 3
20 0 4
12 14 4
5 7 4
6 8 2
8 10 2
7 9 1
2 4 3
16 19 2
9 14 4
23 3 2
3 7 1
15 18 3
4 8 2
1 5 4
6 9 4
19 23 4
8 12 2
22 2 4
3 7 4
22 0 1
7 10 4
16 18 2
12 16 4
7 9 2
18 21 4
23 3 3
22 1 2
0 3 4
22 0 4
3 5 1
12 14 2
7 11 4
11 16 2
1 5 1
10 12 3
17 21 1
2 4 2
16 20 2
15 19 1
18 21 3
21 0 2
21 1 3
11 12 2
20 1 1
5 7 1
17 20 2
23 2 1
20 23 2
18 21 3
9 13 2
4 6 3
8 11 1
17 22 4
23 2 1
22 23 2
9 12 1
5 7 4
7 10 1
3 7 3
10 14 3
20 23 2
22 2 3
18 21 3
0 3 4
19 0 1
23 1 2
7 10 3
8 11 1
12 15 4
20 23 1
4 8 1
0 1 1
16 20 1
14 18 1
16 17 2
20 23 3
20 22 3
23 1 2
21 23 4
4 9 2
12 15 4
15 20 1
10 15 3
21 22 2
9 10 1
14 17 2
9 11 1
4 8 2
13 17 1
3 7 1
14 17 4
7 9 3
20 22 1
20 23 3
23 3 2
5 7 2
13 16 1
6 11 4
19 22 2
22 1 1
15 18 2
7 11 4
20 22 3
4 8 1
21 0 1
1 5 4
2 6 2
18 22 4
6 9 4
2 5 2
8 10 2
4 8 4
7 11 3
2 5 2
19 21 4
5 8 3
2 4 2
15 18 3
18 20 1
10 15 3
23 1 1
22 4 1
8 11 1
14 17 3
1 4 1
13 16 1
17 20 4
2 7 1
18 22 2
18 22 4
8 11 4
4 7 3
1 4 3
15 16 3
21 23 2
5 10 4
11 15 2
4 5 1
8 12 4
10 14 4
3 6 3
5 8 2
18 22 3
1 2 3
8 10 4
0 2 2
17 19 2
9 13 4
18 22 3
4 6 3
12 15 4
9 11 3
5 7 1
10 12 2
8 10 2
22 0 4
14 16 4
3 6 4
11 15 3
7 11 3
17 22 3
23 3 3
3 5 4
14 16 3
18 20 1
11 12 4
14 16 1
10 13 2
8 10 1
8 9 3
5 8 3
21 23 3
0 4 3
17 19 1
20 0 3
14 15 4
14 18 4
4 6 1
15 17 4
19 23 2
17 19 2
5 6 1
5 8 3
17 18 1
5 8 1
10 15 1
16 18 3
9 12 2
10 14 1
4 8 4
1 5 4
1 5 1
1 4 1
15 19 1
5 7 3
7 10 4
23 2 1
13 15 2
7 7 3
8 12 1
9 12 3
7 8 2
1 5 3
3 7 1
15 17 2
23 1 4
18 20 1
7 9 4
8 10 1
23 1 1
20 23 4
22 0 4
21 1 1
12 15 3
8 11 3
22 1 2
2 5 1
21 1 2
9 12 1
11 15 3
20 0 2
0 4 1
5 9 4
14 18 1
11 16 3
9 12 2
0 2 3
20 23 3
1 2 3
13 15 1
17 21 4
18 21 4
4 8 3
20 23 3
18 21 3
8 10 3
8 11 2
16 20 4
5 8 1
23 0 1
0 2 3
14 17 3
15 21 2
5 9 2
16 19 2
15 19 1
19 23 3
17 19 1
6 8 1
15 19 2
15 19 4
13 16 3
2 7 4
11 13 2
17 20 1
13 16 3
21 2 3
19 23 3
12 16 4
14 16 3
13 16 3
0 4 3
17 19 4
0 3 1
9 11 3
3 6 4
20 23 2
2 4 2
14 19 1
6 9 4
2 4 1
11 13 2
4 8 2
12 14 3
21 23 3
20 23 3
20 23 2
18 21 4
23 2 2
0 2 4
2 5 1
16 17 2
14 17 3
23 1 1
0 2 3
18 21 3
5 9 1
19 23 4
6 9 2
15 18 2
11 14 4
22 1 1
11 14 1
13 18 4
0 3 3
22 0 2
23 2 3
6 10 3
21 1 2
23 3 3
0 4 2
10 11 2
0 3 3
13 18 1
10 13 4
12 17 4
16 19 3
2 4 2
15 18 4
15 19 4
7 11 1
2 5 4
11 14 4
14 15 4
11 14 3
2 5 1
16 19 4
18 21 4
16 18 3
22 1 3
21 1 1
5 8 3
8 12 4
19 20 4
15 20 1
22 1 4
23 2 2
13 17 4
6 7 3
6 10 2
16 19 1
1 5 3
6 8 4
12 15 4
11 14 1
15 18 2
17 20 2
7 11 3
8 12 1
15 19 1
14 17 2
20 22 4
19 21 4
20 23 1
3 7 4
5 7 1
13 16 3
3 5 3
11 14 3
2 3 1
22 1 4
15 17 3
5 7 3
19 21 3
3 4 1
9 12 2
22 1 2
19 22 4
20 21 1
8 11 4
9 12 4
13 14 1
8 10 4
10 12 3
20 23 4
6 9 2
18 20 2
16 17 4
19 21 3
8 11 4
3 6 3
12 15 3
17 21 2
20 21 4
16 18 3
6 9 3
15 17 1
7 9 1
20 23 2
13 16 3
13 15 2
10 12 4
4 7 2
3 5 4
4 6 3
23 3 3
19 23 2
1 3 1
15 18 1
17 20 3
12 13 1
13 17 1
0 4 3
20 23 2
4 8 2
1 4 4
22 1 1
17 21 4
16 19 3
1 5 3
8 14 1
22 1 3
4 7 4
13 17 3
13 15 3
11 15 4
9 12 1
13 17 3
4 7 4
13 16 1
9 12 3
5 7 2
16 19 3
2 6 3
10 12 1
8 11 1
2 6 2
17 20 1
2 6 2
14 17 4
21 1 2
5 9 3
7 10 3
15 18 4
2 5 4
9 12 4
19 22 4
9 13 4
16 18 3
21 1 4
21 0 2
7 8 1
14 16 1
13 16 3
6 10 2
22 3 4
16 20 2
22 3 1
21 23 4
1 6 4
13 16 3
15 17 1
15 17 4
13 17 3
3 6 2
6 9 3
6 10 3
4 7 3
20 22 1
3 6 1
21 0 1
15 20 3
4 7 2
3 6 2
10 13 2
12 14 2
18 20 2
23 3 4
4 7 3
10 14 3
23 2 4
23 2 2
17 20 3
14 18 1
9 13 4
9 10 4
5 7 1
6 9 1
2 4 1
11 13 2
17 21 1
12 15 3
16 19 1
22 2 2
20 23 2
11 13 1
7 11 1
2 4 2
11 15 3
9 12 3
2 5 2
4 8 1
0 3 2
22 23 2
6 9 1
19 22 1
22 2 2
5 9 1
8 11 3
21 1 2
18 22 1
21 23 1
19 21 2
23 0 4
9 13 3
1 5 3
0 2 4
2 5 1
6 8 3
16 19 2
21 1 2
20 23 2
15 18 3
23 1 4
3 4 2
2 6 3
0 5 1
2 5 3
0 4 4
20 23 4
2 7 1
3 7 1
4 6 4
2 5 3
21 23 4
12 17 1
2 6 1
12 14 3
12 16 2
9 11 4
5 9 1
18 21 3
9 12 2
1 6 4
1 4 1
2 5 3
23 3 2
22 1 1
21 0 1
7 9 1
11 14 2
17 20 1
13 15 3
23 2 4
20 22 3
17 19 1
14 16 4
4 7 4
19 22 3
17 18 1
11 13 4
18 19 1
0 2 2
19 23 3
16 18 4
2 4 1
23 3 2
5 9 2
13 17 3
7 9 4
16 18 4
13 16 1
2 6 2
8 11 4
6 9 2
19 23 1
18 21 2
3 6 1
8 10 4
18 21 2
17 21 2
22 1 4
13 15 2
9 13 3
14 18 2
10 14 1
2 6 1
23 3 2
11 14 1
23 2 4
15 16 4
6 9 2
6 8 3
15 17 1
9 12 3
14 17 4
14 17 2
11 16 1
23 3 2
4 9 3
6 9 4
19 0 4
15 17 3
4 6 3
15 18 3
11 14 4
0 3 2
8 11 4
11 14 2
8 11 3
15 16 4
18 22 1
17 20 3
6 8 4
13 15 4
21 1 2
23 3 1
17 22 1
19 20 2
11 12 3
21 0 3
14 19 1
10 12 4
2 5 1
8 10 4
21 1 2
3 5 1
15 18 2
6 7 2
14 17 4
11 14 2
11 14 4
22 1 3
8 11 3
5 7 3
22 4 4
17 20 1
5 8 3
10 14 4
