900 6
17 8 15 2 18 17 
20 0 5
21 23 6
23 2 6
9 11 5
2 6 3
19 23 3
16 20 4
17 20 5
8 12 3
6 8 5
19 22 2
1 4 1
19 21 5
20 23 4
18 21 2
16 18 6
6 7 3
21 1 5
1 5 6
23 2 4
7 11 6
13 17 4
21 1 1
1 5 4
3 5 3
23 2 3
0 1 4
16 18 4
5 8 5
20 23 6
10 13 5
9 11 4
4 8 2
6 9 1
6 9 6
1 5 2
19 23 2
21 0 2
17 20 3
18 23 2
3 6 4
16 19 6
3 7 5
22 0 1
16 20 4
8 10 1
16 19 1
4 7 4
10 13 5
7 10 3
8 13 1
11 14 3
4 7 2
20 22 4
11 13 6
22 0 1
1 4 6
10 15 2
7 11 5
3 7 2
20 22 6
1 4 1
20 23 1
19 23 1
8 13 1
17 20 3
9 11 1
3 6 5
10 15 3
17 20 5
17 19 5
13 15 3
4 7 2
11 15 3
14 17 5
9 12 1
16 19 3
6 8 6
8 10 6
4 7 3
19 23 3
3 6 6
10 15 5
19 22 6
1 4 5
11 14 4
17 20 5
7 9 3
21 0 6
15 19 6
22 3 6
18 20 2
17 20 6
6 10 6
10 14 1
14 19 5
11 14 5
18 21 5
16 19 3
14 16 6
8 13 4
1 6 5
16 20 3
2 5 4
9 12 4
20 0 3
1 3 4
18 21 2
22 1 3
20 21 6
7 7 6
21 0 3
21 23 4
20 23 6
6 8 1
3 6 3
10 13 2
14 19 2
17 19 4
17 21 3
19 22 2
18 22 2
14 16 6
11 14 6
14 16 5
16 21 5
13 17 1
19 21 4
15 19 2
16 19 1
21 0 1
2 5 3
15 16 4
14 17 2
16 17 6
21 0 6
20 23 4
14 17 6
0 3 5
4 6 6
6 10 2
7 10 5
14 17 1
11 14 2
5 8 2
12 12 1
11 14 2
15 17 6
6 8 6
10 14 5
15 18 6
14 17 3
17 20 6
13 15 2
12 13 4
3 8 6
5 8 2
16 20 3
9 14 1
16 17 4
19 21 3
18 22 5
16 17 4
6 10 5
4 6 5
22 2 4
5 9 5
17 20 4
0 2 4
2 4 2
12 16 1
23 2 2
3 5 3
14 18 1
11 13 6
21 0 3
16 19 3
0 2 6
21 0 2
23 2 2
7 11 1
15 18 4
7 9 2
6 9 3
5 8 3
2 6 2
7 11 5
1 5 1
20 0 4
2 6 6
6 11 5
10 12 1
17 22 2
7 10 1
13 15 4
11 13 6
1 3 4
1 4 3
7 8 2
17 21 2
0 5 2
12 16 2
16 21 6
3 8 2
13 17 1
22 0 1
5 6 1
23 1 2
2 4 5
14 18 1
21 0 3
15 19 2
16 19 2
10 13 2
17 19 3
3 7 6
14 18 2
8 11 4
18 22 4
16 19 2
5 10 5
9 12 4
11 14 2
5 7 6
0 4 5
11 14 5
20 23 4
17 20 4
12 15 6
15 19 2
1 3 5
5 10 4
4 9 1
16 19 3
22 0 1
16 19 1
21 0 6
9 11 2
13 17 2
3 7 2
16 19 4
10 12 2
15 17 2
6 9 3
2 4 6
22 1 6
8 10 2
21 0 3
6 9 4
10 14 6
12 16 2
12 16 5
15 18 6
22 1 5
1 4 1
23 2 2
11 13 4
19 21 1
3 6 3
7 10 4
23 0 2
4 9 6
2 5 2
17 20 5
12 16 4
2 5 5
2 4 3
19 22 6
8 8 5
9 13 6
17 20 2
7 11 3
5 7 5
19 22 1
9 11 5
2 6 2
1 4 6
7 10 1
5 6 4
4 6 4
9 12 6
23 2 5
4 6 5
20 22 5
3 7 2
3 5 2
18 22 4
7 12 2
6 7 6
1 3 1
1 4 4
8 11 6
23 1 3
1 6 6
23 3 3
2 6 1
22 2 4
22 3 2
0 4 3
14 18 6
5 7 2
4 8 5
6 9 6
20 23 5
22 1 2
2 6 5
12 15 5
11 13 1
19 21 2
13 15 4
5 8 3
14 19 5
17 20 6
17 20 1
4 7 2
15 19 6
6 8 5
10 11 4
5 9 1
21 0 3
21 0 3
23 1 2
11 14 3
1 3 4
8 10 3
10 12 2
5 9 6
19 22 3
11 13 5
9 13 2
19 21 5
16 18 4
17 21 2
9 13 2
1 4 5
22 1 1
20 23 2
13 16 4
2 6 3
5 8 2
16 20 3
16 20 2
22 1 6
17 19 1
1 4 1
16 19 2
1 3 5
17 21 6
12 16 4
4 8 2
10 13 1
13 17 5
21 1 5
9 12 3
20 22 6
11 15 4
4 8 2
19 23 6
5 8 3
4 7 3
5 8 5
14 17 5
8 13 3
14 16 3
2 4 5
18 21 5
20 1 1
21 22 5
19 22 1
16 19 5
19 22 3
13 15 6
9 12 6
12 14 6
22 23 6
10 13 6
15 16 2
8 11 6
17 20 1
3 6 3
21 23 1
22 1 6
10 12 4
4 8 2
8 11 4
15 19 5
14 16 6
15 18 5
18 21 3
5 8 1
23 2 2
12 14 5
6 8 6
19 20 5
2 4 6
23 2 4
7 10 3
22 0 5
4 7 5
21 22 3
11 15 3
16 19 3
15 18 1
15 18 5
4 6 1
15 17 2
16 19 6
12 15 4
10 12 4
9 14 6
15 18 5
8 12 4
10 13 4
16 21 5
13 16 6
20 22 2
22 2 5
12 13 4
18 20 5
18 21 1
8 13 4
1 5 5
5 8 5
0 2 2
23 1 3
5 8 2
19 21 6
5 8 3
3 6 2
23 2 1
6 10 2
14 19 5
10 12 1
15 19 6
10 12 1
7 9 5
17 22 6
17 21 4
11 13 5
16 18 1
23 2 5
8 9 1
1 4 5
9 12 5
9 12 5
10 13 4
4 5 4
20 23 1
4 7 3
23 3 2
22 1 6
18 20 2
7 9 3
15 18 1
1 5 2
8 10 1
18 21 4
14 19 6
2 7 4
9 10 4
13 16 1
2 4 4
10 13 4
18 22 2
4 7 3
13 17 2
13 14 4
1 5 3
14 18 3
9 13 2
14 17 5
17 20 4
10 13 4
18 22 2
19 21 3
12 15 5
20 23 6
4 7 1
7 10 4
2 5 1
17 21 6
16 18 1
18 19 2
20 22 5
9 13 2
15 18 2
21 2 1
15 19 2
21 23 4
13 15 4
21 23 3
9 10 4
10 12 5
5 6 6
5 9 2
15 18 2
4 8 1
0 2 4
1 4 4
1 2 4
8 12 3
6 8 4
3 5 1
2 5 3
12 14 6
10 13 6
19 21 4
1 4 6
5 7 4
9 13 6
17 20 3
17 20 2
2 3 4
13 16 5
13 15 6
13 15 1
5 9 2
23 3 6
3 8 1
5 7 1
9 13 4
1 2 4
18 21 3
10 14 2
5 8 5
23 2 1
6 9 2
21 23 4
10 15 6
6 8 1
6 9 1
13 15 2
6 10 4
17 19 4
1 6 4
18 21 6
3 6 3
20 22 1
5 8 1
17 18 6
7 9 2
5 7 1
16 20 5
2 4 3
14 18 6
22 1 6
16 19 5
6 10 1
2 6 4
17 19 5
10 14 2
16 18 2
1 3 5
3 7 3
6 8 4
15 18 1
19 21 3
1 3 2
3 6 2
7 10 1
1 5 5
19 22 1
17 19 2
8 12 1
9 14 1
2 3 4
9 13 6
13 16 2
4 7 4
10 13 4
7 11 1
18 20 5
15 17 6
11 15 2
20 21 1
0 4 4
10 12 3
0 4 3
5 10 2
9 10 3
3 5 4
6 8 2
17 20 5
16 18 1
6 12 1
5 9 3
11 12 1
22 1 5
11 14 4
20 23 1
9 11 4
12 15 1
15 16 6
5 7 3
11 15 4
2 6 6
23 1 3
13 15 3
10 15 5
20 20 4
10 14 2
21 0 4
5 7 1
14 18 5
7 9 1
3 5 1
2 4 3
10 14 4
16 19 6
20 0 5
19 22 2
5 9 3
11 16 3
5 8 1
13 15 6
6 8 2
6 11 2
20 23 4
15 20 6
0 3 4
9 11 4
5 8 1
5 7 3
15 17 3
19 22 6
11 14 1
8 13 4
11 15 2
10 13 3
20 23 6
12 15 4
5 8 5
9 10 3
21 1 4
1 3 3
11 14 6
17 20 1
3 6 2
2 4 3
9 11 4
17 19 3
4 6 5
8 10 4
21 0 4
1 3 5
12 16 2
18 22 3
5 8 2
21 23 5
6 10 2
22 1 2
18 20 2
10 15 5
7 8 5
14 17 3
10 14 6
15 18 6
5 7 2
2 7 1
3 7 3
7 12 3
12 15 4
18 20 2
22 23 3
11 14 2
14 16 3
3 5 4
14 17 3
22 1 2
22 2 1
11 15 1
4 7 4
21 0 1
23 2 2
23 2 4
7 9 1
16 20 2
6 10 3
21 0 3
22 1 2
10 13 5
6 8 4
2 7 6
11 14 2
5 8 3
9 12 5
2 6 3
11 13 5
7 10 1
1 4 3
19 22 5
15 19 2
20 23 4
22 23 4
15 18 2
16 17 5
17 20 2
20 23 1
12 14 3
12 16 5
21 1 4
10 13 3
19 22 6
5 7 4
16 20 4
3 7 1
5 8 5
18 22 6
8 11 2
8 9 5
10 14 6
14 17 1
11 12 5
17 18 6
17 19 2
7 9 3
21 0 6
18 21 3
0 4 4
19 21 3
1 3 6
15 19 4
3 7 6
8 11 6
5 7 4
17 20 6
11 13 2
20 0 5
10 13 4
10 15 1
19 23 5
13 15 1
16 20 2
17 20 2
18 20 2
5 7 4
8 10 6
17 19 5
21 3 3
16 17 2
13 16 4
16 20 3
14 17 2
1 4 2
2 5 5
5 8 5
20 1 5
22 1 2
3 6 4
3 6 4
4 6 3
2 4 4
11 16 5
7 11 6
11 13 4
0 2 5
4 6 6
17 18 5
15 19 1
3 7 3
14 19 5
20 23 5
16 18 6
15 18 2
21 0 6
20 22 6
16 19 1
3 6 5
13 17 6
23 2 4
3 6 5
22 2 4
19 21 2
15 18 4
19 22 4
2 4 1
0 2 4
10 14 6
8 10 5
14 18 1
6 9 2
13 19 5
23 2 6
8 10 1
0 3 6
7 9 2
16 20 5
12 14 1
22 0 5
19 22 5
0 3 4
15 18 5
20 0 3
5 9 6
9 11 5
1 5 1
2 5 4
5 8 6
15 17 5
23 2 5
20 1 4
8 10 5
14 16 3
3 5 2
0 4 6
10 13 1
23 3 4
7 11 4
14 15 5
1 6 4
15 16 3
11 14 1
1 5 5
18 23 2
12 16 5
5 8 3
17 20 4
20 22 4
16 18 6
9 11 1
3 6 6
13 16 2
9 12 1
7 9 3
5 9 4
12 15 6
7 12 1
21 23 5
15 19 2
7 11 3
23 2 2
10 13 6
5 8 3
5 8 1
23 2 4
14 17 5
6 9 6
5 8 5
11 14 4
8 10 6
20 22 3
12 15 6
6 8 1
1 3 5
6 11 5
15 17 2
17 20 4
23 1 5
15 20 4
4 5 2
5 7 1
6 9 5
2 3 2
18 19 4
6 9 1
2 5 5
6 9 4
17 20 1
18 21 4
10 12 4
14 17 4
22 3 1
23 1 6
20 0 4
5 7 4
9 14 5
14 17 3
9 12 4
3 6 6
21 0 6
19 22 1
3 6 5
0 3 4
5 8 2
3 6 4
1 3 6
13 16 6
6 8 1
11 15 1
6 9 1
11 12 4
18 20 1
16 19 1
12 16 1
22 1 5
13 17 3
16 18 5
9 12 4
7 9 3
9 11 5
8 12 4
13 18 1
10 12 1
14 17 4
6 9 1
22 0 1
18 21 2
3 7 3
5 7 5
16 21 3
