900 5
21 22 4 23 1 
14 17 5
20 22 3
11 15 5
9 13 1
19 23 1
12 15 1
19 22 2
1 3 4
14 19 4
11 15 1
6 9 2
22 3 4
22 0 3
5 8 4
9 12 3
12 15 4
20 23 1
15 17 3
20 23 4
0 3 4
2 5 5
6 8 4
19 22 1
17 20 5
19 20 3
14 18 3
19 22 2
12 15 2
17 21 4
21 1 3
3 5 3
20 23 1
8 11 2
14 18 2
14 18 1
7 10 4
7 11 4
11 13 4
19 23 5
1 4 2
16 19 5
19 23 5
14 17 5
4 7 5
2 6 1
2 4 3
10 13 4
20 23 4
7 9 1
18 20 4
11 15 1
0 5 5
15 19 2
7 9 5
4 7 3
3 8 5
6 9 2
2 6 5
18 22 2
15 17 2
22 1 2
5 9 3
21 1 2
10 12 3
4 6 4
9 11 3
13 17 4
2 5 5
5 8 4
23 1 4
19 22 1
19 21 2
14 17 5
23 2 2
15 18 5
14 16 2
6 8 2
18 22 4
2 4 1
1 2 5
23 3 4
17 19 4
20 23 3
5 9 4
6 8 1
17 19 3
10 13 4
1 5 5
23 0 4
10 13 4
9 12 1
15 19 2
11 14 3
2 5 3
20 22 4
16 20 1
5 10 3
8 11 5
16 19 5
13 16 4
5 9 2
20 23 3
10 13 2
0 2 4
22 0 3
21 0 3
9 13 2
15 18 1
21 22 5
18 19 2
14 13 2
8 11 5
4 6 1
9 12 1
9 12 1
0 4 5
4 4 4
23 1 4
10 11 3
12 15 1
10 14 1
5 7 2
21 0 3
7 12 4
3 6 2
9 13 4
19 23 5
9 11 3
17 21 3
22 23 1
20 23 2
2 3 4
10 14 4
14 17 4
19 20 4
3 5 4
5 7 2
13 18 4
20 23 2
6 9 1
22 1 3
4 6 4
4 8 1
18 20 4
21 2 2
9 11 2
5 6 4
3 6 5
7 11 1
4 8 3
11 14 3
18 21 5
0 4 1
8 12 5
9 10 2
12 16 1
3 6 5
22 1 4
17 18 1
9 12 3
10 12 2
16 19 2
7 9 5
13 16 3
4 8 4
7 8 4
15 17 4
20 23 3
2 3 3
19 20 3
17 21 3
13 16 3
16 20 2
17 21 4
19 21 1
20 23 4
13 15 3
6 11 4
16 19 5
21 0 2
12 16 3
17 20 2
2 4 5
19 22 1
12 17 2
21 1 1
8 12 1
4 9 2
2 4 4
21 1 3
8 10 5
22 0 5
9 12 5
23 3 4
20 23 3
7 11 2
10 13 4
9 13 3
2 7 3
13 17 1
19 22 4
13 16 5
5 9 5
17 19 5
4 7 3
22 2 3
19 23 2
8 12 2
7 8 4
9 12 2
15 17 3
18 21 1
4 6 5
16 20 4
13 14 5
9 13 2
19 23 2
4 6 1
18 21 3
8 11 3
16 18 1
11 14 5
11 15 5
23 1 4
13 15 4
18 22 5
9 13 1
13 15 5
3 6 3
15 20 1
7 11 2
11 14 4
11 14 3
7 9 2
14 17 1
18 21 1
10 13 5
7 10 3
0 2 4
8 11 2
8 11 5
2 4 4
18 20 5
12 15 3
10 13 5
17 20 5
23 1 3
13 15 2
20 23 4
9 13 5
14 17 5
15 19 1
12 15 5
8 12 3
14 18 5
2 7 1
23 3 2
9 10 2
20 21 1
15 18 1
15 18 1
9 14 2
15 18 3
5 7 2
13 14 2
4 8 3
13 16 3
17 21 2
21 0 3
3 6 2
19 22 1
0 4 2
12 17 4
1 4 2
4 7 4
7 9 1
22 1 3
17 18 1
11 14 3
8 10 4
18 21 5
22 1 1
15 18 4
21 1 3
21 1 3
14 16 3
11 14 3
17 22 2
8 11 2
18 20 4
5 7 1
16 17 4
0 5 2
0 5 1
17 20 4
18 20 5
3 6 5
6 8 2
4 6 4
1 4 5
21 1 4
12 17 2
20 0 5
22 1 4
1 5 4
21 0 5
1 5 5
21 0 4
9 12 1
13 16 4
21 22 5
8 12 2
11 14 2
8 12 4
11 13 1
3 5 2
20 0 4
16 18 3
17 19 1
9 11 3
10 13 4
8 10 3
7 8 3
18 21 2
2 6 3
4 7 5
13 18 4
16 20 1
21 0 2
18 20 2
20 23 2
6 9 4
15 18 2
4 7 5
7 12 4
23 1 5
10 13 2
16 19 3
5 8 5
12 15 3
1 3 2
21 1 2
1 3 1
19 22 3
7 11 4
22 0 5
1 6 3
4 6 2
14 17 5
3 5 2
1 4 2
21 0 1
8 10 3
8 12 4
2 5 4
2 6 3
11 13 2
8 12 3
15 19 1
14 17 4
16 20 5
10 14 2
22 1 2
6 9 4
7 9 1
16 20 2
9 12 5
1 5 2
11 13 5
7 11 3
6 8 5
15 18 5
3 5 4
14 17 2
5 8 2
18 21 3
17 21 2
0 3 3
3 7 4
8 11 1
12 15 3
18 22 1
11 15 4
16 18 2
18 20 4
9 12 5
3 6 5
15 19 5
20 0 5
23 3 5
15 16 2
12 14 2
13 16 2
8 13 2
9 12 5
8 12 5
8 13 5
19 22 2
18 21 5
16 20 3
14 18 5
7 11 3
22 1 1
3 7 1
19 21 4
1 3 2
11 13 5
8 11 2
6 8 4
9 11 3
13 16 5
23 2 5
13 15 3
9 12 1
14 18 3
12 11 4
17 20 5
8 11 3
20 23 5
12 14 1
10 12 5
2 5 2
0 3 1
22 1 1
20 23 2
4 5 1
11 14 1
3 5 1
6 10 2
6 10 1
2 2 5
15 19 2
10 14 1
6 9 1
20 23 1
17 20 2
19 22 2
18 19 2
19 22 2
14 16 3
20 0 4
17 20 4
17 21 3
20 23 4
1 3 3
18 20 1
5 6 4
13 16 2
0 4 1
6 8 3
2 5 5
20 0 5
9 13 2
21 23 3
17 21 4
6 8 5
9 12 5
2 5 3
15 18 5
20 23 4
2 5 5
17 18 2
23 3 4
18 19 4
2 6 4
17 20 5
2 5 3
7 10 3
10 12 4
13 17 3
13 17 2
0 5 4
23 2 5
1 4 1
3 5 4
13 14 2
5 8 1
13 17 1
13 15 1
17 21 1
12 13 5
15 19 5
23 2 4
0 3 5
23 1 2
1 5 1
13 18 2
4 8 5
19 20 1
16 19 2
20 23 3
9 13 4
16 21 5
15 17 1
8 13 3
9 12 3
7 11 4
7 9 5
18 23 2
17 20 3
14 19 5
9 11 3
17 19 1
15 17 5
2 4 2
17 20 5
3 5 1
21 22 3
6 8 1
15 17 2
2 5 5
12 16 5
5 8 1
14 18 2
21 0 1
20 23 2
4 6 2
9 11 5
2 6 3
12 15 1
15 18 5
5 8 1
23 3 1
6 9 2
4 8 3
8 11 1
23 4 5
8 13 2
14 18 2
15 18 3
1 4 1
22 1 3
5 8 3
9 13 1
19 23 4
20 21 1
3 7 5
12 15 4
3 5 1
9 12 1
14 17 2
12 16 3
17 22 1
5 8 4
21 23 2
3 3 1
14 17 1
1 5 4
3 6 3
12 16 3
8 12 5
22 1 5
12 17 5
15 18 5
18 22 5
10 14 4
20 23 3
21 0 4
20 0 4
0 3 3
0 1 5
6 9 4
17 20 4
6 8 3
8 12 5
21 23 1
11 14 1
22 1 2
18 23 3
9 13 5
15 17 3
7 9 1
4 7 4
12 13 2
10 13 3
10 13 2
20 23 4
21 0 4
21 1 3
16 19 1
20 0 5
16 19 4
6 9 5
4 6 2
5 8 4
21 0 4
7 10 5
2 4 3
16 17 3
21 1 1
4 5 2
15 17 3
11 15 2
3 8 2
23 2 1
4 8 3
9 12 2
3 5 4
14 18 1
7 9 1
7 10 4
0 3 2
0 2 1
16 18 2
15 17 3
12 14 3
14 17 3
15 18 2
23 0 5
18 22 2
1 4 3
13 17 2
19 20 5
21 23 1
19 22 2
0 5 2
20 0 1
23 1 3
22 3 2
23 2 4
20 0 5
12 13 1
15 17 4
15 19 5
11 13 5
12 14 2
21 0 3
5 5 2
9 12 3
7 8 3
15 17 4
12 17 1
21 23 1
14 16 5
20 23 1
17 21 4
10 14 3
5 8 3
18 21 3
22 3 2
14 17 1
18 21 4
11 14 4
19 22 4
7 12 5
12 15 3
9 12 1
23 3 3
21 0 5
11 14 4
11 14 2
7 10 3
15 19 3
7 11 3
3 6 2
3 6 3
20 22 4
15 17 3
17 21 2
14 17 1
11 15 5
19 23 2
16 19 2
18 21 2
22 0 1
23 3 3
22 2 4
22 1 1
8 11 2
18 21 4
13 16 2
15 18 5
11 13 5
6 9 1
0 2 4
12 14 4
15 19 1
11 13 2
16 19 5
5 8 1
13 15 3
0 4 4
4 7 1
17 19 5
8 11 4
9 11 1
10 15 5
21 0 4
10 13 1
15 18 1
16 20 3
19 21 3
3 8 3
7 10 4
18 21 4
12 15 3
12 16 3
0 4 4
9 14 5
19 22 5
11 14 1
15 18 1
1 3 3
20 22 1
22 0 1
18 22 1
19 21 5
10 14 3
16 18 2
17 20 4
16 20 5
4 7 5
9 14 4
7 11 3
13 17 4
15 18 5
7 10 4
5 8 3
16 18 1
13 15 1
11 13 2
2 4 1
2 5 5
22 2 5
17 19 3
18 22 5
13 14 5
11 15 5
8 11 5
14 17 5
5 8 1
13 17 4
19 22 1
8 11 1
13 16 2
4 7 2
12 14 3
6 7 2
16 20 3
9 13 3
8 11 3
9 13 1
22 1 3
22 2 3
22 1 3
21 1 4
17 20 1
22 1 3
6 10 2
16 19 1
20 0 2
10 15 2
15 17 5
12 16 3
8 11 1
11 14 3
4 6 5
19 21 5
13 17 3
17 20 5
6 9 3
2 5 3
8 10 2
15 18 2
7 10 2
20 21 3
1 4 2
6 9 3
5 10 2
2 7 3
7 10 5
20 22 2
18 21 1
8 12 4
18 22 5
21 1 5
23 2 1
10 13 3
14 18 5
4 9 5
10 14 4
3 7 4
7 10 2
11 13 4
21 0 1
22 1 4
13 16 4
20 22 2
19 22 1
18 23 3
11 14 1
12 15 3
15 19 4
15 19 2
9 13 5
12 16 3
22 2 1
10 14 4
4 8 3
3 7 1
5 9 2
12 15 4
17 22 5
19 22 3
19 21 3
6 8 5
10 14 5
21 0 2
8 11 5
11 14 5
0 4 2
12 17 3
1 5 5
21 0 2
13 16 5
11 14 1
17 21 4
1 3 1
0 4 1
14 17 4
23 3 2
1 3 5
11 14 1
23 2 2
3 8 3
13 17 3
23 1 5
22 1 2
8 13 3
8 12 5
7 10 2
17 19 3
15 18 1
7 11 3
21 0 1
8 12 2
19 22 3
19 22 3
6 9 5
23 1 1
4 6 2
22 2 2
22 1 5
17 21 1
14 17 2
9 14 5
14 17 2
4 8 5
12 16 2
13 17 2
9 12 1
3 6 3
0 3 4
5 9 4
14 18 4
8 10 5
3 5 3
16 21 2
21 0 2
12 16 3
0 3 3
12 16 2
5 8 2
20 21 5
15 18 5
11 13 3
15 20 1
11 14 2
9 11 1
20 23 5
1 5 3
18 20 2
20 0 2
9 13 1
7 11 3
0 3 2
2 4 5
23 1 5
6 10 1
18 21 1
15 18 4
1 5 4
4 8 3
0 4 4
11 15 4
1 4 4
21 1 5
16 19 1
23 3 5
8 11 3
9 14 4
20 22 1
10 14 4
9 13 2
21 0 3
21 23 3
12 14 4
20 23 4
21 23 5
11 14 3
